2 0.677246 0.242839 0.200195 0.144531
2 0.865723 0.363281 0.065430 0.075521
2 0.802734 0.030599 0.042969 0.058594
2 0.613281 0.156901 0.060547 0.061198
2 0.461914 0.450521 0.070312 0.052083
2 0.570312 0.541667 0.044922 0.041667
2 0.554199 0.500651 0.020508 0.024740
2 0.514160 0.483724 0.032227 0.029948
2 0.623047 0.416667 0.060547 0.044271
2 0.684082 0.427734 0.030273 0.022135
2 0.758789 0.536458 0.060547 0.041667
2 0.792480 0.606120 0.022461 0.022135
2 0.793457 0.637370 0.026367 0.022135
2 0.836426 0.617839 0.026367 0.022135
2 0.853027 0.466797 0.043945 0.042969
2 0.808105 0.426432 0.022461 0.022135
2 0.802734 0.440104 0.025391 0.023438
2 0.955078 0.458984 0.023438 0.027344
2 0.969238 0.470703 0.018555 0.022135
2 0.019043 0.578776 0.014648 0.040365
2 0.052734 0.416667 0.019531 0.028646
2 0.063965 0.428385 0.038086 0.033854
2 0.137207 0.449870 0.028320 0.027344
2 0.166992 0.455729 0.031250 0.039062
2 0.193359 0.529297 0.048828 0.022135
2 0.196289 0.556641 0.025391 0.024740
2 0.023438 0.365885 0.044922 0.031250
2 0.103516 0.630208 0.029297 0.020833
2 0.280273 0.913411 0.058594 0.045573
2 0.318359 0.972656 0.068359 0.052083
2 0.377441 0.876302 0.071289 0.044271
2 0.491211 0.929036 0.066406 0.032552
2 0.505371 0.962891 0.079102 0.045573
2 0.604004 0.958984 0.077148 0.050781
2 0.654785 0.919271 0.049805 0.026042
2 0.700195 0.863932 0.074219 0.053385
2 0.750977 0.835938 0.044922 0.046875
2 0.780273 0.889974 0.066406 0.053385
2 0.830566 0.922526 0.065430 0.048177
2 0.913574 0.903646 0.061523 0.065104
2 0.836914 0.878906 0.058594 0.039062
2 0.819336 0.849609 0.048828 0.035156
2 0.814453 0.815104 0.046875 0.028646
2 0.823730 0.802734 0.049805 0.037760
2 0.875488 0.774089 0.036133 0.029948
2 0.951172 0.839193 0.031250 0.055990
2 0.953125 0.804036 0.044922 0.024740
2 0.982910 0.777344 0.028320 0.033854
2 0.969238 0.759766 0.038086 0.029948
2 0.246094 0.455729 0.033203 0.028646
2 0.266113 0.475911 0.026367 0.032552
2 0.301270 0.444661 0.030273 0.029948
2 0.247559 0.429036 0.028320 0.019531
2 0.323242 0.475260 0.035156 0.028646
2 0.341309 0.521484 0.026367 0.027344
2 0.374023 0.511719 0.033203 0.036458
2 0.394531 0.553385 0.017578 0.028646
2 0.416504 0.561849 0.028320 0.029948
2 0.428223 0.586589 0.026367 0.027344
2 0.427246 0.630859 0.032227 0.032552
2 0.488770 0.626302 0.047852 0.028646
2 0.477539 0.580729 0.035156 0.033854
2 0.504883 0.573568 0.027344 0.022135
2 0.554688 0.601562 0.033203 0.023438
2 0.544434 0.568359 0.020508 0.029948
2 0.530762 0.566406 0.014648 0.020833
2 0.559082 0.573568 0.018555 0.024740
2 0.591309 0.583333 0.032227 0.036458
2 0.612793 0.582682 0.020508 0.024740
2 0.633301 0.626302 0.028320 0.031250
2 0.657715 0.621094 0.034180 0.041667
2 0.631836 0.724609 0.042969 0.019531
2 0.618652 0.744141 0.022461 0.016927
2 0.580566 0.734375 0.028320 0.020833
2 0.588379 0.759766 0.038086 0.019531
2 0.619629 0.773438 0.020508 0.010417
2 0.671387 0.760417 0.034180 0.026042
2 0.677246 0.730469 0.030273 0.033854
2 0.697754 0.712891 0.026367 0.019531
2 0.658691 0.300781 0.038086 0.041667
2 0.623535 0.286458 0.020508 0.020833
2 0.621582 0.301432 0.016602 0.014323
2 0.109863 0.533854 0.026367 0.023438
2 0.062988 0.522786 0.020508 0.016927
2 0.170898 0.723307 0.025391 0.014323
2 0.204590 0.744141 0.032227 0.032552
2 0.236816 0.755859 0.040039 0.032552
2 0.289062 0.764323 0.039062 0.026042
2 0.193848 0.703776 0.024414 0.006510
2 0.208496 0.713542 0.036133 0.018229
2 0.157715 0.690755 0.024414 0.016927
2 0.117676 0.938802 0.051758 0.049479
2 0.153809 0.885417 0.053711 0.044271
2 0.033691 0.933594 0.065430 0.067708
2 0.079102 0.848307 0.037109 0.032552
2 0.066406 0.817057 0.044922 0.029948
2 0.108398 0.796875 0.037109 0.026042
2 0.074219 0.785807 0.039062 0.027344
2 0.064453 0.753906 0.029297 0.028646
2 0.027344 0.801432 0.033203 0.024740
2 0.041016 0.724609 0.025391 0.024740
2 0.334961 0.840495 0.044922 0.029948
2 0.335449 0.820312 0.036133 0.028646
2 0.364746 0.804688 0.034180 0.026042
2 0.352539 0.794271 0.035156 0.026042
2 0.379395 0.784505 0.038086 0.027344
2 0.408691 0.757812 0.034180 0.028646
2 0.436035 0.773438 0.028320 0.026042
2 0.460938 0.758464 0.017578 0.011719
2 0.476074 0.768229 0.026367 0.015625
2 0.519531 0.754557 0.025391 0.035156
2 0.521484 0.780599 0.027344 0.032552
2 0.566895 0.823568 0.049805 0.032552
2 0.478027 0.832031 0.038086 0.020833
2 0.487793 0.852214 0.051758 0.035156
2 0.453613 0.822917 0.038086 0.041667
2 0.169434 0.817057 0.030273 0.027344
2 0.136719 0.823568 0.027344 0.027344
2 0.354980 0.724609 0.022461 0.022135
2 0.332031 0.722656 0.021484 0.013021
2 0.315430 0.743490 0.025391 0.020833
2 0.337891 0.751302 0.031250 0.020833
2 0.259766 0.721354 0.015625 0.018229
2 0.790039 0.723958 0.027344 0.018229
2 0.763184 0.746094 0.026367 0.023438
2 0.785156 0.774740 0.035156 0.023438
2 0.727539 0.757812 0.037109 0.023438
2 0.720703 0.779297 0.035156 0.032552
2 0.738770 0.722005 0.028320 0.022135
2 0.829102 0.739583 0.025391 0.020833
2 0.849121 0.725260 0.024414 0.018229
2 0.849121 0.710286 0.016602 0.014323
2 0.870117 0.711589 0.021484 0.014323
2 0.876953 0.742188 0.029297 0.023438
2 0.939453 0.708984 0.031250 0.024740
2 0.900879 0.707682 0.026367 0.016927
2 0.967285 0.672526 0.024414 0.022135
2 0.943359 0.673828 0.021484 0.014323
2 0.891113 0.666667 0.018555 0.015625
2 0.811035 0.683594 0.022461 0.015625
2 0.824707 0.693359 0.016602 0.019531
2 0.759766 0.689453 0.013672 0.014323
2 0.737305 0.688151 0.017578 0.022135
