2 0.698680 0.282715 0.071848 0.053711
2 0.678152 0.352539 0.065982 0.041016
2 0.702346 0.474609 0.032258 0.044922
2 0.837977 0.519043 0.074780 0.026367
2 0.844575 0.566406 0.055718 0.027344
2 0.794721 0.610352 0.043988 0.039062
2 0.721408 0.614258 0.029326 0.025391
2 0.640029 0.617676 0.051320 0.022461
2 0.618768 0.589355 0.035191 0.032227
2 0.906158 0.622070 0.058651 0.041016
2 0.948680 0.539062 0.038123 0.027344
2 0.947947 0.497070 0.080645 0.044922
2 0.497067 0.249512 0.073314 0.028320
2 0.568182 0.177246 0.060117 0.036133
2 0.623900 0.044922 0.048387 0.046875
2 0.669355 0.090820 0.054252 0.056641
2 0.813783 0.151855 0.067449 0.034180
2 0.820381 0.207520 0.060117 0.036133
2 0.805718 0.253418 0.071848 0.030273
2 0.957478 0.147461 0.076246 0.042969
2 0.353372 0.347656 0.061584 0.033203
2 0.398094 0.493164 0.039589 0.019531
2 0.402493 0.509766 0.024927 0.019531
2 0.355572 0.530273 0.024927 0.023438
2 0.269062 0.460938 0.039589 0.027344
2 0.187683 0.366699 0.052786 0.041992
2 0.145161 0.289551 0.041056 0.026367
2 0.137830 0.514648 0.032258 0.027344
2 0.175953 0.545898 0.032258 0.025391
2 0.239003 0.597656 0.058651 0.025391
2 0.190616 0.610352 0.032258 0.015625
2 0.151760 0.617188 0.033724 0.019531
2 0.594575 0.737305 0.013196 0.023438
2 0.291056 0.522461 0.558651 0.509766
