1 0.497559 0.405195 0.211914 0.387013
1 0.321777 0.362338 0.219727 0.368831
1 0.138184 0.382468 0.190430 0.318182
1 0.070312 0.201948 0.062500 0.084416
1 0.200195 0.118831 0.054688 0.063636
1 0.029297 0.307792 0.056641 0.272727
1 0.738770 0.396753 0.262695 0.357143
1 0.710938 0.116883 0.179688 0.223377
1 0.811035 0.211039 0.102539 0.120779
1 0.656738 0.194156 0.069336 0.087013
1 0.833496 0.090260 0.170898 0.177922
1 0.985352 0.429870 0.029297 0.132468
1 0.867676 0.535714 0.090820 0.100000
1 0.778809 0.534416 0.079102 0.079221
