2 0.534180 0.203812 0.031250 0.046921
2 0.529785 0.260264 0.020508 0.033724
2 0.501953 0.273460 0.025391 0.036657
2 0.612305 0.033724 0.033203 0.038123
2 0.717773 0.021261 0.033203 0.030792
2 0.743652 0.167155 0.026367 0.029326
2 0.825684 0.103372 0.028320 0.036657
2 0.854980 0.118035 0.024414 0.039589
2 0.431152 0.114370 0.020508 0.032258
2 0.401367 0.129032 0.021484 0.026393
2 0.361328 0.099707 0.025391 0.035191
2 0.340332 0.086510 0.022461 0.032258
2 0.349121 0.145894 0.034180 0.033724
2 0.302734 0.207478 0.031250 0.027859
2 0.228516 0.189150 0.025391 0.032258
2 0.205078 0.200880 0.021484 0.026393
2 0.142090 0.228739 0.026367 0.026393
2 0.096680 0.249267 0.027344 0.023460
2 0.120117 0.293988 0.021484 0.019062
2 0.261230 0.341642 0.020508 0.020528
2 0.099121 0.173021 0.026367 0.032258
2 0.139160 0.069648 0.026367 0.033724
2 0.141602 0.039589 0.037109 0.041056
2 0.208496 0.019062 0.028320 0.032258
2 0.264648 0.036657 0.044922 0.035191
2 0.257812 0.085777 0.035156 0.033724
2 0.234375 0.128299 0.027344 0.027859
2 0.361328 0.030059 0.048828 0.033724
2 0.049805 0.018328 0.039062 0.033724
2 0.014160 0.025660 0.026367 0.048387
