2 0.037109 0.525126 0.017578 0.030151
2 0.044434 0.546482 0.022461 0.037688
2 0.041504 0.584171 0.024414 0.057789
2 0.078613 0.608040 0.024414 0.065327
2 0.223633 0.496231 0.027344 0.057789
2 0.270508 0.515075 0.031250 0.050251
2 0.299316 0.478643 0.018555 0.047739
2 0.325684 0.546482 0.032227 0.052764
2 0.443359 0.535176 0.017578 0.045226
2 0.489746 0.555276 0.024414 0.070352
2 0.467285 0.440955 0.038086 0.067839
2 0.460938 0.498744 0.029297 0.062814
2 0.401367 0.336683 0.058594 0.155779
2 0.514160 0.329146 0.030273 0.070352
2 0.437012 0.370603 0.032227 0.062814
2 0.520508 0.433417 0.062500 0.118090
2 0.573730 0.459799 0.038086 0.080402
2 0.604492 0.497487 0.031250 0.095477
2 0.629883 0.516332 0.031250 0.097990
2 0.658203 0.606784 0.029297 0.057789
2 0.680176 0.703518 0.038086 0.075377
2 0.722168 0.649497 0.034180 0.067839
2 0.687012 0.596734 0.038086 0.103015
2 0.596680 0.180905 0.054688 0.125628
2 0.550781 0.198492 0.029297 0.040201
2 0.548340 0.233668 0.034180 0.045226
2 0.494141 0.241206 0.041016 0.065327
2 0.558594 0.315327 0.025391 0.067839
2 0.588867 0.351759 0.039062 0.055276
2 0.608398 0.394472 0.031250 0.035176
2 0.632324 0.319095 0.071289 0.105528
2 0.670898 0.398241 0.070312 0.103015
2 0.686523 0.492462 0.042969 0.070352
2 0.751465 0.443467 0.096680 0.178392
2 0.730957 0.506281 0.043945 0.077889
2 0.832031 0.526382 0.052734 0.062814
2 0.815430 0.576633 0.031250 0.047739
2 0.930176 0.445980 0.051758 0.118090
2 0.916016 0.405779 0.037109 0.047739
2 0.921387 0.266332 0.077148 0.135678
2 0.852051 0.110553 0.038086 0.095477
2 0.886719 0.172111 0.029297 0.062814
2 0.803711 0.324121 0.035156 0.060302
2 0.853027 0.316583 0.061523 0.105528
2 0.708008 0.177136 0.066406 0.097990
2 0.719238 0.272613 0.038086 0.087940
2 0.628906 0.288945 0.029297 0.070352
