2 0.037109 0.360176 0.015625 0.023426
2 0.007324 0.352123 0.012695 0.030747
2 0.057617 0.369693 0.017578 0.021962
2 0.063477 0.383602 0.007812 0.014641
2 0.078613 0.395315 0.016602 0.032211
2 0.083496 0.380673 0.018555 0.040996
2 0.104004 0.382870 0.022461 0.030747
2 0.129883 0.396047 0.023438 0.030747
2 0.147461 0.467789 0.013672 0.021962
2 0.144043 0.480234 0.018555 0.023426
2 0.157715 0.398975 0.020508 0.033675
2 0.181152 0.404832 0.020508 0.030747
2 0.211426 0.409224 0.018555 0.021962
2 0.230469 0.403367 0.023438 0.033675
2 0.241211 0.470717 0.021484 0.033675
2 0.276855 0.404832 0.026367 0.036603
2 0.303711 0.412152 0.029297 0.030747
2 0.333984 0.456808 0.019531 0.032211
2 0.355469 0.501464 0.025391 0.024890
2 0.385742 0.484627 0.023438 0.029283
2 0.392090 0.459736 0.014648 0.023426
2 0.375488 0.430454 0.012695 0.038067
2 0.359863 0.439971 0.016602 0.027818
2 0.343750 0.437042 0.023438 0.030747
2 0.410156 0.459004 0.019531 0.027818
2 0.419922 0.467057 0.013672 0.032211
2 0.433105 0.464129 0.012695 0.026354
2 0.445801 0.456076 0.008789 0.016105
2 0.456543 0.464129 0.018555 0.026354
2 0.473633 0.475110 0.009766 0.016105
2 0.478027 0.465593 0.012695 0.020498
2 0.483398 0.500732 0.015625 0.020498
2 0.483398 0.483163 0.013672 0.023426
2 0.498047 0.473646 0.009766 0.019034
2 0.510742 0.473646 0.011719 0.024890
2 0.497070 0.442167 0.013672 0.020498
2 0.529297 0.439239 0.015625 0.023426
2 0.543457 0.444363 0.016602 0.024890
2 0.534668 0.489019 0.016602 0.023426
2 0.525391 0.477306 0.015625 0.017570
2 0.554688 0.481698 0.013672 0.014641
2 0.567383 0.472182 0.011719 0.024890
2 0.584961 0.484627 0.015625 0.023426
2 0.589355 0.499268 0.014648 0.017570
2 0.600098 0.497804 0.014648 0.017570
2 0.607910 0.514641 0.014648 0.016105
2 0.605957 0.486823 0.014648 0.024890
2 0.614746 0.467789 0.014648 0.024890
2 0.618652 0.489751 0.008789 0.016105
2 0.623535 0.500732 0.012695 0.020498
2 0.634277 0.497804 0.018555 0.029283
2 0.636719 0.483163 0.007812 0.023426
2 0.657715 0.484627 0.012695 0.023426
2 0.663574 0.502196 0.014648 0.017570
2 0.659180 0.513177 0.011719 0.019034
2 0.667969 0.524890 0.011719 0.019034
2 0.666016 0.542460 0.013672 0.024890
2 0.671875 0.556369 0.015625 0.017570
2 0.667969 0.571742 0.015625 0.021962
2 0.666504 0.590776 0.016602 0.021962
2 0.664551 0.603953 0.012695 0.013177
2 0.662598 0.615666 0.016602 0.019034
2 0.649902 0.623719 0.014648 0.014641
2 0.629883 0.635432 0.015625 0.029283
2 0.667969 0.625915 0.011719 0.016105
2 0.678711 0.637628 0.013672 0.016105
2 0.685547 0.621523 0.015625 0.024890
2 0.696289 0.625183 0.019531 0.017570
2 0.712891 0.620791 0.017578 0.023426
2 0.727539 0.623719 0.017578 0.026354
2 0.752441 0.612738 0.022461 0.021962
2 0.754883 0.628111 0.015625 0.020498
2 0.752441 0.639092 0.022461 0.019034
2 0.757812 0.654466 0.019531 0.020498
2 0.769531 0.669107 0.019531 0.023426
2 0.773926 0.696193 0.014648 0.024890
2 0.796875 0.707906 0.013672 0.021962
2 0.810547 0.715227 0.015625 0.024890
2 0.823730 0.726940 0.012695 0.024890
2 0.834961 0.734261 0.015625 0.021962
2 0.848145 0.745974 0.016602 0.024890
2 0.861816 0.758419 0.012695 0.014641
2 0.850586 0.762079 0.015625 0.021962
2 0.862793 0.767936 0.016602 0.016105
2 0.865234 0.775256 0.011719 0.016105
2 0.854492 0.780381 0.013672 0.020498
2 0.864746 0.789165 0.008789 0.020498
