2 0.438965 0.824305 0.075195 0.122987
2 0.515137 0.772328 0.077148 0.103953
2 0.508301 0.693265 0.053711 0.068814
2 0.528320 0.663250 0.050781 0.058565
2 0.580078 0.738653 0.085938 0.098097
2 0.630859 0.673499 0.072266 0.099561
2 0.557129 0.589312 0.065430 0.071742
2 0.490723 0.564422 0.075195 0.074671
2 0.593262 0.480966 0.081055 0.098097
2 0.660156 0.573206 0.062500 0.089312
2 0.692871 0.423865 0.096680 0.098097
2 0.804199 0.484627 0.084961 0.099561
2 0.902832 0.572474 0.092773 0.102489
2 0.950195 0.764275 0.099609 0.105417
2 0.141113 0.664714 0.081055 0.076135
2 0.040039 0.637628 0.078125 0.071742
