2 0.145020 0.212546 0.045898 0.059683
2 0.158691 0.291108 0.041992 0.043849
2 0.196289 0.671133 0.033203 0.038977
2 0.077637 0.657125 0.073242 0.049939
2 0.200195 0.218027 0.033203 0.046285
2 0.259766 0.181486 0.037109 0.043849
2 0.238281 0.225944 0.023438 0.035323
2 0.261230 0.231425 0.024414 0.031669
2 0.289062 0.222899 0.054688 0.038977
2 0.347656 0.224117 0.037109 0.058465
2 0.439941 0.226553 0.034180 0.053593
2 0.391602 0.226553 0.046875 0.041413
2 0.488281 0.226553 0.035156 0.029233
2 0.485352 0.257004 0.052734 0.036541
2 0.519531 0.199147 0.050781 0.069428
2 0.564453 0.236297 0.037109 0.038977
2 0.584961 0.226553 0.035156 0.075518
2 0.603516 0.232034 0.027344 0.049939
2 0.625000 0.235688 0.023438 0.057247
2 0.645020 0.233252 0.034180 0.064555
2 0.671875 0.236906 0.039062 0.066991
2 0.719727 0.233861 0.039062 0.077954
2 0.750488 0.239951 0.026367 0.070646
2 0.782227 0.242387 0.037109 0.077954
2 0.822754 0.244823 0.043945 0.068210
2 0.911133 0.242387 0.054688 0.077954
2 0.648438 0.481730 0.083984 0.057247
2 0.684082 0.389769 0.135742 0.063337
2 0.482422 0.551766 0.095703 0.073082
2 0.450684 0.758222 0.053711 0.064555
2 0.367676 0.649208 0.024414 0.021924
2 0.386230 0.675396 0.053711 0.040195
2 0.480957 0.691230 0.036133 0.045067
2 0.596191 0.736297 0.043945 0.059683
2 0.804688 0.805725 0.044922 0.040195
2 0.847656 0.771620 0.041016 0.047503
2 0.695801 0.768575 0.040039 0.051157
