1 0.479004 0.513177 0.127930 0.162518
1 0.582520 0.519034 0.043945 0.077599
1 0.526367 0.372621 0.037109 0.048316
1 0.445312 0.328697 0.041016 0.048316
1 0.370605 0.092240 0.045898 0.084919
1 0.247070 0.241581 0.050781 0.055637
1 0.282715 0.587848 0.034180 0.060029
1 0.022949 0.421669 0.043945 0.122987
1 0.122559 0.635432 0.028320 0.055637
1 0.083984 0.693265 0.044922 0.048316
1 0.117188 0.806735 0.027344 0.040996
1 0.090820 0.885066 0.027344 0.036603
1 0.016602 0.920205 0.031250 0.036603
1 0.188477 0.946559 0.019531 0.024890
1 0.220703 0.907028 0.017578 0.033675
1 0.225586 0.883602 0.017578 0.030747
1 0.280762 0.819180 0.020508 0.062958
1 0.511719 0.849195 0.031250 0.049780
1 0.524414 0.896779 0.031250 0.039531
1 0.630859 0.918741 0.019531 0.024890
1 0.579102 0.686676 0.031250 0.043924
1 0.424316 0.728404 0.026367 0.027818
1 0.345215 0.695461 0.024414 0.026354
1 0.311035 0.648609 0.032227 0.032211
1 0.295898 0.620059 0.027344 0.033675
1 0.646973 0.346266 0.030273 0.071742
1 0.750977 0.341142 0.037109 0.055637
1 0.809570 0.140556 0.037109 0.070278
1 0.914551 0.328697 0.024414 0.051245
1 0.846191 0.441435 0.032227 0.036603
1 0.986328 0.417277 0.027344 0.040996
1 0.864746 0.614934 0.020508 0.032211
1 0.827637 0.743045 0.020508 0.033675
1 0.756348 0.869693 0.016602 0.020498
1 0.709961 0.891654 0.019531 0.026354
1 0.734375 0.970717 0.013672 0.014641
1 0.765625 0.986823 0.019531 0.017570
1 0.907715 0.897511 0.014648 0.029283
1 0.960449 0.906296 0.028320 0.032211
1 0.974121 0.920937 0.014648 0.029283
1 0.937988 0.972914 0.020508 0.030747
1 0.997070 0.967057 0.005859 0.036603
