2 0.225098 0.351562 0.041992 0.085938
2 0.264648 0.336589 0.050781 0.087240
2 0.412109 0.345703 0.076172 0.069010
2 0.536133 0.340495 0.056641 0.066406
2 0.625977 0.312500 0.072266 0.065104
2 0.693848 0.253906 0.053711 0.062500
2 0.788086 0.253906 0.066406 0.070312
2 0.877441 0.289062 0.067383 0.101562
2 0.936523 0.429688 0.050781 0.109375
2 0.814453 0.500000 0.074219 0.072917
2 0.720215 0.505208 0.061523 0.049479
2 0.626953 0.513021 0.068359 0.072917
2 0.556152 0.579427 0.067383 0.114583
2 0.486816 0.597005 0.061523 0.061198
2 0.418457 0.633464 0.063477 0.061198
2 0.341797 0.690104 0.054688 0.098958
2 0.262695 0.664714 0.080078 0.061198
2 0.499023 0.739583 0.056641 0.085938
2 0.463867 0.860026 0.048828 0.069010
2 0.432617 0.820964 0.048828 0.053385
2 0.344238 0.875000 0.071289 0.065104
2 0.285645 0.859375 0.051758 0.054688
2 0.227051 0.931641 0.053711 0.042969
2 0.080078 0.929036 0.062500 0.048177
2 0.161133 0.896484 0.060547 0.055990
2 0.157715 0.756510 0.057617 0.085938
2 0.048340 0.559896 0.051758 0.067708
2 0.180176 0.505859 0.065430 0.055990
2 0.049805 0.412760 0.070312 0.046875
2 0.146973 0.338542 0.069336 0.057292
2 0.213867 0.169922 0.046875 0.071615
2 0.122559 0.069661 0.063477 0.055990
2 0.026367 0.043620 0.050781 0.058594
2 0.404785 0.119792 0.063477 0.085938
2 0.771484 0.151042 0.062500 0.059896
2 0.816895 0.052734 0.053711 0.071615
2 0.848145 0.047526 0.053711 0.089844
2 0.552246 0.813151 0.041992 0.053385
2 0.584961 0.887370 0.046875 0.048177
2 0.702637 0.961589 0.049805 0.076823
2 0.655273 0.815104 0.031250 0.041667
2 0.713379 0.836589 0.049805 0.042969
2 0.786621 0.861979 0.069336 0.085938
2 0.720703 0.720052 0.068359 0.052083
2 0.811523 0.663411 0.060547 0.074219
2 0.856445 0.668620 0.044922 0.069010
2 0.866699 0.824870 0.049805 0.048177
2 0.960449 0.797526 0.079102 0.058594
2 0.962402 0.852865 0.055664 0.075521
2 0.986328 0.933594 0.027344 0.065104
