0 0.098145 0.803650 0.194336 0.141606
0 0.394043 0.770073 0.131836 0.100730
0 0.564453 0.788321 0.154297 0.105109
0 0.616699 0.708759 0.075195 0.071533
0 0.480957 0.709489 0.100586 0.064234
0 0.390625 0.699270 0.080078 0.064234
0 0.310547 0.691971 0.074219 0.058394
0 0.545410 0.632847 0.069336 0.054015
0 0.480469 0.628467 0.044922 0.045255
0 0.439941 0.637226 0.057617 0.051095
0 0.380371 0.622628 0.049805 0.039416
0 0.774414 0.729197 0.138672 0.086131
0 0.792480 0.684672 0.079102 0.043796
0 0.775879 0.654745 0.059570 0.039416
0 0.851562 0.627007 0.066406 0.048175
0 0.953613 0.627737 0.071289 0.052555
