2 0.370117 0.816176 0.167969 0.135294
2 0.738770 0.186029 0.061523 0.122059
2 0.633301 0.153676 0.053711 0.119118
2 0.583496 0.101471 0.043945 0.079412
2 0.485840 0.101471 0.045898 0.129412
2 0.425293 0.063235 0.061523 0.123529
2 0.916504 0.085294 0.022461 0.032353
2 0.913086 0.044118 0.048828 0.061765
2 0.862305 0.049265 0.039062 0.095588
2 0.849121 0.103676 0.032227 0.069118
2 0.837402 0.049265 0.034180 0.095588
2 0.803711 0.033824 0.037109 0.047059
2 0.775879 0.022794 0.036133 0.042647
2 0.715332 0.033824 0.034180 0.064706
2 0.702148 0.049265 0.029297 0.066176
2 0.654297 0.047059 0.056641 0.091176
2 0.645996 0.094853 0.004883 0.004412
2 0.628906 0.055147 0.044922 0.092647
2 0.268555 0.074265 0.015625 0.092647
2 0.291016 0.040441 0.044922 0.075000
2 0.318359 0.204412 0.023438 0.079412
2 0.301270 0.215441 0.034180 0.054412
2 0.233398 0.061029 0.033203 0.057353
2 0.240234 0.035294 0.011719 0.017647
2 0.164551 0.107353 0.032227 0.082353
2 0.144043 0.105882 0.032227 0.070588
2 0.148438 0.047794 0.037109 0.063235
2 0.041992 0.112500 0.035156 0.077941
2 0.046875 0.026471 0.029297 0.044118
2 0.016602 0.026471 0.031250 0.050000
2 0.108887 0.023529 0.040039 0.044118
