2 0.756836 0.335398 0.015625 0.023009
2 0.825684 0.251327 0.014648 0.021239
2 0.899902 0.223894 0.032227 0.040708
2 0.870605 0.138053 0.020508 0.024779
2 0.987305 0.029204 0.015625 0.026549
2 0.784180 0.100885 0.023438 0.024779
2 0.805176 0.152212 0.022461 0.024779
2 0.788086 0.200885 0.021484 0.033628
2 0.771973 0.264602 0.024414 0.030088
2 0.687012 0.243363 0.024414 0.040708
2 0.707031 0.185841 0.017578 0.031858
2 0.690918 0.169912 0.016602 0.035398
2 0.729980 0.085841 0.024414 0.030088
2 0.752441 0.116814 0.026367 0.035398
2 0.668945 0.039823 0.031250 0.044248
2 0.598633 0.128319 0.023438 0.026549
2 0.575195 0.112389 0.019531 0.030088
2 0.623535 0.283186 0.022461 0.031858
2 0.648438 0.196460 0.025391 0.031858
2 0.607910 0.182301 0.022461 0.031858
2 0.553711 0.256637 0.019531 0.038938
2 0.503906 0.300885 0.027344 0.024779
2 0.490234 0.165487 0.029297 0.047788
2 0.521484 0.074336 0.023438 0.028319
2 0.540039 0.135398 0.013672 0.015929
2 0.543457 0.107080 0.014648 0.023009
2 0.279297 0.154867 0.015625 0.030088
2 0.265137 0.126549 0.014648 0.023009
2 0.208008 0.163717 0.013672 0.026549
2 0.168945 0.212389 0.017578 0.028319
2 0.211914 0.259292 0.011719 0.015929
2 0.188965 0.279646 0.016602 0.024779
2 0.180176 0.312389 0.010742 0.015929
2 0.147949 0.284071 0.022461 0.030088
2 0.142090 0.323009 0.014648 0.019469
2 0.165527 0.348673 0.012695 0.021239
2 0.250488 0.374336 0.018555 0.030088
2 0.227051 0.352212 0.014648 0.017699
2 0.262695 0.269912 0.013672 0.023009
2 0.269531 0.248673 0.009766 0.023009
2 0.279785 0.238938 0.016602 0.021239
2 0.312988 0.236283 0.016602 0.019469
2 0.309570 0.258407 0.009766 0.014159
2 0.314941 0.290265 0.014648 0.014159
2 0.327637 0.317699 0.012695 0.012389
2 0.351562 0.450442 0.009766 0.019469
2 0.375000 0.473451 0.019531 0.030088
2 0.242188 0.489381 0.013672 0.023009
2 0.174805 0.500000 0.011719 0.012389
2 0.231934 0.196460 0.008789 0.024779
2 0.244629 0.234513 0.016602 0.019469
2 0.262207 0.077876 0.012695 0.014159
2 0.261719 0.069027 0.013672 0.017699
2 0.265625 0.056637 0.013672 0.017699
2 0.293945 0.039823 0.015625 0.023009
2 0.308594 0.076106 0.013672 0.017699
2 0.341309 0.060177 0.014648 0.021239
2 0.395020 0.169027 0.012695 0.012389
2 0.349121 0.171681 0.012695 0.017699
2 0.330566 0.151327 0.012695 0.023009
2 0.323730 0.177876 0.010742 0.019469
2 0.305176 0.157522 0.012695 0.021239
2 0.318359 0.127434 0.011719 0.031858
2 0.341797 0.194690 0.009766 0.014159
2 0.387695 0.231858 0.013672 0.021239
2 0.359863 0.296460 0.012695 0.023009
2 0.378418 0.315044 0.006836 0.017699
2 0.388672 0.337168 0.005859 0.026549
2 0.403320 0.356637 0.009766 0.023009
2 0.418457 0.375221 0.012695 0.021239
2 0.417969 0.303540 0.013672 0.019469
2 0.429688 0.289381 0.015625 0.026549
2 0.505371 0.432743 0.020508 0.026549
2 0.436523 0.149558 0.013672 0.019469
2 0.426758 0.137168 0.013672 0.019469
2 0.174316 0.403540 0.008789 0.021239
2 0.199219 0.421239 0.009766 0.021239
2 0.214844 0.406195 0.013672 0.019469
2 0.206543 0.477876 0.008789 0.017699
2 0.219727 0.470796 0.009766 0.014159
2 0.233398 0.447788 0.015625 0.021239
2 0.212891 0.531858 0.015625 0.026549
2 0.193359 0.522124 0.013672 0.017699
2 0.177246 0.541593 0.010742 0.014159
2 0.180176 0.557522 0.010742 0.010619
2 0.154297 0.556637 0.011719 0.015929
2 0.155762 0.539823 0.012695 0.017699
2 0.121582 0.563717 0.010742 0.015929
2 0.093262 0.574336 0.012695 0.015929
2 0.090332 0.560177 0.010742 0.012389
2 0.104492 0.515044 0.005859 0.010619
2 0.119141 0.507080 0.011719 0.012389
2 0.027344 0.531858 0.013672 0.019469
2 0.028320 0.562832 0.011719 0.010619
2 0.029785 0.582301 0.010742 0.010619
2 0.048340 0.569912 0.008789 0.010619
2 0.044434 0.559292 0.010742 0.014159
2 0.049805 0.547788 0.007812 0.012389
2 0.062012 0.537168 0.010742 0.015929
2 0.073242 0.531858 0.009766 0.012389
2 0.077148 0.521239 0.011719 0.012389
2 0.104492 0.609735 0.013672 0.012389
2 0.123047 0.596460 0.013672 0.014159
2 0.135254 0.614159 0.010742 0.010619
2 0.007324 0.476991 0.012695 0.023009
