1 0.738770 0.319912 0.504883 0.610542
1 0.837891 0.764275 0.054688 0.058565
1 0.819336 0.875549 0.064453 0.117130
1 0.742188 0.879209 0.076172 0.095168
1 0.515137 0.920205 0.127930 0.159590
1 0.387695 0.935578 0.093750 0.128843
1 0.295898 0.939239 0.119141 0.121523
1 0.167969 0.924597 0.162109 0.130307
1 0.039551 0.874817 0.077148 0.206442
1 0.162598 0.426794 0.081055 0.168375
1 0.259277 0.535139 0.055664 0.098097
1 0.836426 0.763543 0.067383 0.083455
1 0.921387 0.748902 0.036133 0.089312
1 0.984863 0.921669 0.030273 0.089312
