2 0.205078 0.841309 0.355469 0.280273
2 0.322754 0.563477 0.370117 0.427734
2 0.366699 0.460938 0.084961 0.205078
2 0.419434 0.481934 0.299805 0.325195
2 0.363281 0.318848 0.056641 0.108398
2 0.456543 0.388672 0.055664 0.076172
2 0.499023 0.404297 0.060547 0.173828
2 0.539551 0.394531 0.040039 0.197266
2 0.567871 0.331543 0.045898 0.106445
2 0.606445 0.365234 0.068359 0.152344
2 0.608398 0.295410 0.025391 0.047852
2 0.649414 0.289551 0.042969 0.063477
2 0.633301 0.301758 0.030273 0.052734
2 0.716309 0.345215 0.040039 0.065430
2 0.913086 0.564453 0.123047 0.298828
2 0.305176 0.091309 0.176758 0.094727
2 0.654785 0.080078 0.083008 0.035156
