0 0.623535 0.639092 0.233398 0.174231
0 0.817383 0.743045 0.201172 0.168375
0 0.663574 0.890922 0.278320 0.218155
0 0.400391 0.743045 0.220703 0.191801
0 0.402344 0.587116 0.140625 0.125915
0 0.280273 0.576867 0.080078 0.058565
0 0.168457 0.629575 0.161133 0.120059
0 0.169434 0.490483 0.055664 0.073206
0 0.199219 0.387994 0.148438 0.108346
0 0.230469 0.464861 0.056641 0.051245
0 0.191406 0.437775 0.062500 0.035139
0 0.089355 0.522694 0.075195 0.064422
0 0.058594 0.467057 0.066406 0.049780
0 0.018066 0.550512 0.034180 0.064422
0 0.323730 0.375549 0.084961 0.062958
0 0.225098 0.357980 0.094727 0.051245
0 0.091309 0.226940 0.057617 0.049780
0 0.024902 0.249634 0.038086 0.039531
