2 0.917480 0.405109 0.040039 0.056934
2 0.794434 0.364964 0.053711 0.061314
2 0.708496 0.489781 0.045898 0.042336
2 0.636719 0.613139 0.031250 0.043796
2 0.659668 0.613139 0.030273 0.026277
2 0.671875 0.760584 0.033203 0.040876
2 0.711914 0.711679 0.027344 0.036496
2 0.689941 0.713869 0.030273 0.035036
2 0.718750 0.672263 0.029297 0.030657
2 0.829102 0.676642 0.042969 0.048175
2 0.917969 0.721898 0.035156 0.045255
2 0.963379 0.718248 0.045898 0.058394
2 0.897461 0.634307 0.042969 0.051095
2 0.899414 0.586131 0.021484 0.042336
2 0.954590 0.616788 0.028320 0.039416
2 0.947754 0.498540 0.030273 0.027737
2 0.958984 0.530657 0.023438 0.048175
2 0.986816 0.493431 0.026367 0.058394
2 0.988281 0.449635 0.019531 0.052555
2 0.954590 0.421898 0.032227 0.052555
2 0.877930 0.350365 0.033203 0.049635
2 0.850586 0.357664 0.031250 0.052555
2 0.799316 0.302920 0.022461 0.030657
2 0.753418 0.310949 0.026367 0.058394
2 0.729004 0.315328 0.014648 0.026277
2 0.704590 0.340146 0.026367 0.029197
2 0.635742 0.280292 0.035156 0.037956
2 0.593750 0.178102 0.027344 0.040876
2 0.609375 0.168613 0.023438 0.030657
2 0.624512 0.200000 0.030273 0.040876
2 0.643555 0.106569 0.035156 0.040876
2 0.613770 0.072263 0.036133 0.036496
2 0.645508 0.025547 0.031250 0.048175
2 0.563965 0.022628 0.036133 0.042336
2 0.491211 0.018248 0.033203 0.033577
2 0.449219 0.061314 0.021484 0.061314
2 0.402344 0.024818 0.031250 0.029197
2 0.391602 0.086131 0.035156 0.043796
2 0.389648 0.143796 0.033203 0.033577
2 0.354980 0.186861 0.036133 0.029197
2 0.375977 0.205839 0.021484 0.035036
2 0.386719 0.240876 0.033203 0.049635
2 0.345703 0.315328 0.029297 0.043796
2 0.276367 0.273723 0.025391 0.039416
2 0.257812 0.259124 0.037109 0.042336
2 0.295898 0.188321 0.035156 0.032117
2 0.299805 0.095620 0.037109 0.054015
2 0.158203 0.265693 0.046875 0.081752
2 0.091797 0.494161 0.021484 0.027737
2 0.098633 0.532847 0.019531 0.023358
2 0.108398 0.583942 0.021484 0.029197
2 0.086426 0.613139 0.032227 0.049635
2 0.074219 0.677372 0.019531 0.032117
2 0.093262 0.691241 0.020508 0.033577
2 0.073242 0.781022 0.023438 0.032117
2 0.070801 0.921168 0.034180 0.061314
2 0.174316 0.886861 0.016602 0.027737
2 0.166504 0.927007 0.020508 0.040876
2 0.205566 0.941606 0.038086 0.049635
2 0.193359 0.870803 0.019531 0.033577
2 0.255371 0.837226 0.036133 0.042336
2 0.298828 0.801460 0.035156 0.035036
2 0.314453 0.839416 0.023438 0.040876
2 0.353027 0.783212 0.024414 0.042336
2 0.254395 0.753285 0.043945 0.040876
2 0.266602 0.699270 0.029297 0.049635
2 0.293945 0.721898 0.025391 0.042336
2 0.296387 0.642336 0.026367 0.049635
2 0.267578 0.617518 0.017578 0.023358
2 0.241211 0.594161 0.021484 0.040876
2 0.195312 0.659124 0.017578 0.030657
2 0.195312 0.714599 0.044922 0.042336
2 0.198730 0.754745 0.024414 0.023358
2 0.188965 0.789051 0.022461 0.033577
2 0.166992 0.790511 0.021484 0.021898
2 0.148926 0.830657 0.022461 0.026277
2 0.139648 0.763504 0.033203 0.032117
2 0.157715 0.648905 0.012695 0.036496
2 0.160156 0.662044 0.033203 0.030657
2 0.264160 0.498540 0.024414 0.045255
2 0.286133 0.490511 0.019531 0.020438
2 0.285645 0.513139 0.018555 0.027737
2 0.302734 0.504380 0.019531 0.033577
2 0.314453 0.549635 0.021484 0.036496
2 0.319824 0.584672 0.020508 0.027737
2 0.350098 0.583212 0.030273 0.033577
2 0.368652 0.531387 0.030273 0.046715
2 0.353516 0.511679 0.025391 0.042336
2 0.335938 0.508759 0.021484 0.036496
2 0.508301 0.502920 0.038086 0.036496
2 0.480469 0.503650 0.029297 0.043796
2 0.466797 0.539416 0.029297 0.036496
2 0.447266 0.547445 0.021484 0.029197
2 0.407715 0.599270 0.024414 0.030657
2 0.384277 0.597810 0.014648 0.033577
2 0.364746 0.627007 0.032227 0.021898
2 0.390625 0.673723 0.029297 0.030657
2 0.437500 0.741606 0.031250 0.029197
2 0.403320 0.814599 0.021484 0.020438
2 0.420410 0.844526 0.024414 0.030657
2 0.425293 0.889051 0.030273 0.032117
2 0.462402 0.876642 0.024414 0.033577
2 0.465332 0.957664 0.018555 0.029197
2 0.437012 0.975182 0.016602 0.026277
2 0.381836 0.955474 0.039062 0.036496
2 0.337402 0.970073 0.024414 0.036496
2 0.327148 0.948175 0.033203 0.030657
2 0.338867 0.917518 0.025391 0.030657
2 0.279785 0.957664 0.047852 0.043796
2 0.505859 0.645255 0.019531 0.032117
2 0.478516 0.639416 0.017578 0.023358
2 0.483398 0.725547 0.035156 0.040876
2 0.506348 0.751825 0.032227 0.040876
2 0.512695 0.721898 0.025391 0.045255
2 0.591309 0.746715 0.034180 0.039416
2 0.594238 0.710949 0.024414 0.023358
2 0.566406 0.670803 0.046875 0.039416
2 0.585449 0.600730 0.028320 0.039416
2 0.566895 0.571533 0.026367 0.033577
2 0.567383 0.541606 0.025391 0.035036
2 0.509277 0.478832 0.024414 0.023358
2 0.528320 0.451095 0.017578 0.026277
2 0.526855 0.378832 0.024414 0.039416
2 0.513184 0.336496 0.030273 0.027737
2 0.479980 0.337956 0.016602 0.024818
2 0.445801 0.408759 0.026367 0.035036
2 0.416504 0.429927 0.024414 0.018978
2 0.421387 0.328467 0.024414 0.020438
2 0.423828 0.345985 0.033203 0.029197
2 0.761230 0.489781 0.028320 0.042336
2 0.774414 0.473723 0.025391 0.036496
2 0.802734 0.587591 0.031250 0.062774
2 0.836426 0.547445 0.047852 0.037956
2 0.826172 0.494891 0.029297 0.037956
2 0.914062 0.235766 0.027344 0.056934
2 0.929199 0.245985 0.028320 0.042336
2 0.965332 0.256934 0.038086 0.046715
2 0.938965 0.175912 0.040039 0.056934
2 0.903320 0.154015 0.027344 0.036496
2 0.896973 0.193431 0.028320 0.030657
2 0.914551 0.106569 0.030273 0.040876
2 0.877930 0.072263 0.033203 0.036496
2 0.797363 0.111679 0.028320 0.030657
2 0.875977 0.020438 0.021484 0.023358
2 0.975586 0.062044 0.033203 0.036496
2 0.981445 0.019708 0.017578 0.036496
