2 0.592773 0.402798 0.035156 0.045655
2 0.670410 0.476436 0.036133 0.054492
2 0.635254 0.505155 0.028320 0.044183
2 0.590820 0.527982 0.021484 0.042710
2 0.541504 0.524300 0.018555 0.032401
2 0.486328 0.477172 0.027344 0.032401
2 0.419434 0.494845 0.038086 0.041237
2 0.445312 0.481591 0.031250 0.038292
2 0.395996 0.511046 0.032227 0.041237
2 0.364258 0.552283 0.031250 0.041237
2 0.312988 0.572165 0.032227 0.039764
2 0.428711 0.806333 0.041016 0.060383
2 0.300781 0.591311 0.021484 0.042710
2 0.283203 0.592784 0.033203 0.036819
2 0.225098 0.636966 0.030273 0.033873
2 0.637695 0.598675 0.027344 0.039764
2 0.673340 0.578056 0.028320 0.039764
2 0.726074 0.547865 0.040039 0.055965
2 0.729980 0.641384 0.028320 0.039764
2 0.702637 0.652430 0.034180 0.029455
2 0.785156 0.603829 0.035156 0.041237
2 0.798340 0.687776 0.020508 0.032401
2 0.821289 0.670103 0.025391 0.044183
2 0.759766 0.706922 0.031250 0.035346
2 0.737793 0.709131 0.022461 0.030928
2 0.822754 0.745950 0.022461 0.025037
2 0.843262 0.736377 0.022461 0.044183
2 0.873535 0.720177 0.030273 0.035346
2 0.852539 0.794551 0.031250 0.033873
2 0.982910 0.734904 0.034180 0.050074
2 0.974609 0.790133 0.031250 0.039764
2 0.931152 0.784242 0.024414 0.025037
2 0.912598 0.811487 0.022461 0.026510
2 0.927734 0.810015 0.013672 0.035346
2 0.937012 0.818115 0.020508 0.027982
