2 0.064941 0.506747 0.086914 0.104948
2 0.187500 0.502999 0.087891 0.106447
2 0.306152 0.512744 0.098633 0.101949
2 0.377441 0.523988 0.067383 0.103448
2 0.459961 0.511244 0.095703 0.128936
2 0.447266 0.541979 0.101562 0.052474
2 0.620117 0.544978 0.066406 0.082459
2 0.653809 0.522489 0.069336 0.085457
2 0.736816 0.535982 0.083008 0.073463
2 0.805176 0.518741 0.088867 0.107946
2 0.849609 0.526237 0.078125 0.089955
2 0.883301 0.522489 0.069336 0.091454
2 0.955566 0.528486 0.081055 0.082459
2 0.359863 0.910045 0.094727 0.116942
2 0.483398 0.919040 0.058594 0.077961
