2 0.058594 0.214844 0.060547 0.023438
2 0.166016 0.081380 0.060547 0.045573
2 0.313965 0.119141 0.075195 0.032552
2 0.297363 0.172526 0.045898 0.045573
2 0.270996 0.366536 0.053711 0.037760
2 0.233887 0.406250 0.040039 0.031250
2 0.353027 0.294271 0.049805 0.041667
2 0.357422 0.339193 0.039062 0.035156
2 0.401855 0.330729 0.053711 0.041667
2 0.372070 0.429688 0.041016 0.041667
2 0.443848 0.436198 0.059570 0.036458
2 0.479980 0.285156 0.036133 0.036458
2 0.505371 0.272135 0.034180 0.028646
2 0.553711 0.274089 0.048828 0.035156
2 0.533203 0.307292 0.044922 0.031250
2 0.584961 0.364583 0.029297 0.031250
2 0.718750 0.197917 0.037109 0.052083
2 0.745117 0.279297 0.037109 0.035156
2 0.831543 0.273438 0.041992 0.036458
2 0.065918 0.272786 0.038086 0.024740
2 0.054688 0.307292 0.042969 0.031250
2 0.098145 0.244141 0.038086 0.032552
2 0.125000 0.251302 0.031250 0.026042
2 0.136230 0.279297 0.032227 0.022135
2 0.185547 0.247396 0.048828 0.026042
