1 0.567871 0.455601 0.059570 0.118852
1 0.325195 0.337432 0.054688 0.103825
1 0.291992 0.178962 0.029297 0.043716
1 0.342773 0.112705 0.042969 0.069672
1 0.434570 0.120219 0.033203 0.046448
1 0.441406 0.168716 0.033203 0.031421
1 0.469727 0.237705 0.023438 0.035519
1 0.492676 0.293033 0.018555 0.034153
1 0.514160 0.294399 0.012695 0.031421
1 0.539062 0.365437 0.019531 0.031421
1 0.437500 0.420765 0.015625 0.027322
1 0.384766 0.405738 0.017578 0.019126
1 0.372070 0.435109 0.019531 0.023224
1 0.329590 0.400956 0.014648 0.015027
1 0.625977 0.357240 0.021484 0.034153
1 0.646973 0.318989 0.016602 0.039617
1 0.605469 0.465847 0.027344 0.040984
1 0.687988 0.450820 0.063477 0.101093
