2 0.176270 0.505124 0.147461 0.122987
2 0.071289 0.352123 0.138672 0.130307
2 0.151367 0.141288 0.060547 0.083455
2 0.336426 0.364568 0.061523 0.079063
2 0.351074 0.463397 0.088867 0.086384
2 0.465820 0.586384 0.083984 0.039531
2 0.479980 0.617862 0.094727 0.052709
2 0.588379 0.896779 0.057617 0.130307
2 0.658691 0.894583 0.057617 0.102489
2 0.835449 0.852855 0.094727 0.115666
2 0.941895 0.470717 0.069336 0.133236
2 0.826172 0.839678 0.070312 0.065886
2 0.758301 0.347731 0.049805 0.048316
2 0.645508 0.325037 0.142578 0.090776
2 0.572266 0.278917 0.107422 0.139092
2 0.451172 0.287701 0.082031 0.065886
2 0.471680 0.375549 0.111328 0.074671
2 0.599609 0.425329 0.125000 0.068814
