1 0.199707 0.448568 0.030273 0.037760
1 0.228516 0.519531 0.041016 0.065104
1 0.200195 0.708984 0.046875 0.053385
1 0.285645 0.645182 0.036133 0.040365
1 0.388672 0.541016 0.031250 0.035156
1 0.320312 0.492188 0.025391 0.039062
1 0.355957 0.428385 0.038086 0.054688
1 0.268066 0.320964 0.028320 0.045573
1 0.307129 0.303385 0.040039 0.046875
1 0.312500 0.247396 0.027344 0.041667
1 0.271973 0.255859 0.034180 0.050781
1 0.438477 0.231771 0.035156 0.039062
1 0.534668 0.276693 0.038086 0.053385
1 0.410645 0.385417 0.030273 0.044271
1 0.452637 0.458333 0.032227 0.044271
1 0.477539 0.501953 0.021484 0.048177
1 0.455078 0.530599 0.029297 0.040365
1 0.415039 0.552734 0.021484 0.037760
1 0.414551 0.684245 0.024414 0.037760
1 0.482422 0.791016 0.029297 0.040365
1 0.565918 0.739583 0.028320 0.041667
1 0.648926 0.697917 0.028320 0.044271
1 0.639160 0.638672 0.018555 0.035156
1 0.656738 0.652344 0.030273 0.036458
1 0.684570 0.623698 0.029297 0.041667
1 0.724121 0.607422 0.026367 0.042969
1 0.763184 0.643229 0.028320 0.046875
1 0.785156 0.638672 0.021484 0.032552
1 0.796875 0.722656 0.031250 0.044271
1 0.786133 0.839844 0.033203 0.039062
1 0.844727 0.669271 0.037109 0.041667
1 0.933594 0.692708 0.019531 0.046875
1 0.941406 0.679688 0.023438 0.041667
1 0.892090 0.606771 0.026367 0.039062
1 0.932129 0.597656 0.020508 0.044271
1 0.947754 0.577474 0.032227 0.042969
1 0.988770 0.566406 0.022461 0.041667
1 0.942871 0.491536 0.016602 0.032552
1 0.946777 0.513672 0.016602 0.022135
1 0.976074 0.354167 0.030273 0.057292
1 0.912598 0.300781 0.040039 0.046875
1 0.927734 0.194010 0.033203 0.031250
1 0.804688 0.296224 0.021484 0.040365
1 0.779785 0.294271 0.030273 0.046875
1 0.754395 0.337891 0.030273 0.032552
1 0.749512 0.377604 0.024414 0.033854
1 0.770508 0.405599 0.031250 0.040365
1 0.786621 0.521484 0.028320 0.027344
1 0.603027 0.434896 0.028320 0.036458
1 0.561035 0.367839 0.040039 0.042969
