2 0.131836 0.271994 0.023438 0.019062
2 0.097656 0.250733 0.015625 0.020528
2 0.055664 0.383431 0.023438 0.030792
2 0.041992 0.361437 0.019531 0.027859
2 0.021484 0.340176 0.017578 0.026393
2 0.028320 0.459677 0.021484 0.030792
2 0.011719 0.596041 0.019531 0.021994
2 0.077148 0.478739 0.023438 0.030792
2 0.076660 0.440616 0.020508 0.019062
2 0.106934 0.443548 0.016602 0.019062
2 0.122070 0.412023 0.023438 0.017595
2 0.155762 0.370968 0.018555 0.029326
2 0.140137 0.337977 0.020508 0.030792
2 0.189453 0.262463 0.021484 0.035191
2 0.231934 0.302053 0.012695 0.020528
2 0.227051 0.355572 0.020508 0.024927
2 0.195312 0.443548 0.019531 0.019062
2 0.180176 0.475073 0.024414 0.026393
2 0.210449 0.467742 0.022461 0.029326
2 0.254395 0.500000 0.028320 0.029326
2 0.313965 0.385630 0.026367 0.035191
2 0.321777 0.352639 0.022461 0.027859
2 0.353027 0.434018 0.018555 0.026393
2 0.326172 0.483138 0.021484 0.024927
2 0.392578 0.506598 0.033203 0.024927
2 0.418945 0.456745 0.019531 0.027859
2 0.435059 0.439150 0.014648 0.021994
2 0.450684 0.503666 0.018555 0.027859
2 0.479980 0.477273 0.012695 0.024927
2 0.494141 0.494135 0.013672 0.023460
2 0.535645 0.496334 0.014648 0.019062
2 0.541992 0.513196 0.019531 0.026393
2 0.600586 0.510997 0.015625 0.021994
2 0.613770 0.500733 0.012695 0.027859
2 0.636719 0.490469 0.019531 0.024927
2 0.636719 0.510264 0.013672 0.014663
2 0.646973 0.519062 0.018555 0.026393
2 0.648438 0.559384 0.021484 0.027859
2 0.697754 0.565982 0.020508 0.023460
2 0.719727 0.596774 0.017578 0.026393
2 0.713379 0.638563 0.018555 0.016129
2 0.773438 0.623167 0.015625 0.020528
2 0.748535 0.651026 0.012695 0.026393
2 0.761230 0.643695 0.016602 0.029326
2 0.792969 0.671554 0.015625 0.020528
2 0.822754 0.669355 0.016602 0.016129
2 0.843262 0.662757 0.020508 0.020528
2 0.876465 0.642229 0.016602 0.011730
2 0.867188 0.624633 0.019531 0.023460
2 0.860840 0.593109 0.018555 0.021994
2 0.836914 0.597507 0.019531 0.016129
2 0.810547 0.601906 0.023438 0.024927
2 0.744141 0.557185 0.025391 0.026393
2 0.814453 0.489736 0.019531 0.035191
2 0.839844 0.508065 0.017578 0.033724
2 0.859375 0.473607 0.021484 0.014663
2 0.867188 0.504399 0.023438 0.029326
2 0.883789 0.483871 0.017578 0.026393
2 0.910156 0.477273 0.017578 0.024927
2 0.909668 0.534457 0.026367 0.030792
2 0.925781 0.563783 0.027344 0.033724
2 0.969238 0.476540 0.026367 0.020528
2 0.849121 0.372434 0.026367 0.020528
2 0.815918 0.445015 0.034180 0.027859
2 0.869629 0.337977 0.026367 0.033724
2 0.806152 0.149560 0.022461 0.035191
2 0.623535 0.171554 0.043945 0.035191
2 0.688965 0.319648 0.014648 0.041056
2 0.671875 0.376100 0.031250 0.016129
2 0.668945 0.393695 0.023438 0.019062
