2 0.339844 0.225698 0.062500 0.223464
2 0.434570 0.292179 0.058594 0.103911
2 0.057617 0.303352 0.083984 0.077095
2 0.772461 0.639106 0.035156 0.055866
2 0.665039 0.578212 0.068359 0.034637
2 0.362305 0.608939 0.029297 0.033520
2 0.331055 0.592179 0.039062 0.035754
2 0.354004 0.555307 0.043945 0.033520
2 0.100586 0.600000 0.044922 0.035754
2 0.592285 0.548045 0.043945 0.021229
2 0.745117 0.562011 0.056641 0.042458
2 0.848145 0.582682 0.045898 0.039106
2 0.886719 0.571508 0.042969 0.050279
2 0.855469 0.512849 0.015625 0.031285
2 0.923828 0.570391 0.021484 0.030168
2 0.936523 0.550838 0.042969 0.033520
2 0.950195 0.589944 0.046875 0.035754
2 0.969238 0.588827 0.028320 0.024581
2 0.963867 0.631844 0.050781 0.041341
