2 0.738281 0.585903 0.257812 0.452276
2 0.342285 0.321586 0.184570 0.255507
2 0.212402 0.314244 0.079102 0.264317
2 0.243164 0.146109 0.070312 0.148311
2 0.318848 0.113069 0.096680 0.155653
2 0.117676 0.124082 0.051758 0.165932
2 0.079590 0.286344 0.131836 0.161527
2 0.515625 0.226872 0.083984 0.174743
2 0.602539 0.130690 0.033203 0.214391
2 0.634766 0.284141 0.046875 0.198238
2 0.687012 0.279001 0.055664 0.202643
2 0.777832 0.240822 0.141602 0.317181
2 0.862305 0.249633 0.080078 0.190896
2 0.941895 0.259912 0.051758 0.258443
2 0.884766 0.104258 0.093750 0.155653
2 0.702148 0.099853 0.052734 0.102790
2 0.651367 0.082966 0.052734 0.124816
2 0.391113 0.071953 0.049805 0.135095
2 0.406250 0.121880 0.097656 0.099853
2 0.480957 0.052129 0.040039 0.071953
