2 0.470215 0.912229 0.032227 0.061144
2 0.551758 0.895464 0.056641 0.082840
2 0.641602 0.785010 0.039062 0.082840
2 0.602539 0.784024 0.042969 0.069034
2 0.551758 0.227811 0.039062 0.053254
2 0.637207 0.082840 0.045898 0.063116
2 0.703125 0.222880 0.048828 0.078895
2 0.760742 0.313609 0.039062 0.063116
2 0.938965 0.272189 0.053711 0.090730
2 0.764648 0.460552 0.033203 0.069034
2 0.788574 0.506903 0.034180 0.047337
2 0.766602 0.530572 0.039062 0.063116
2 0.710938 0.499014 0.035156 0.059172
2 0.577637 0.440828 0.047852 0.049310
2 0.492188 0.403353 0.039062 0.065089
2 0.446289 0.427022 0.035156 0.061144
2 0.416504 0.461538 0.036133 0.043393
2 0.344727 0.487179 0.035156 0.063116
2 0.303223 0.489152 0.018555 0.051282
2 0.160645 0.448718 0.036133 0.049310
2 0.195801 0.392505 0.024414 0.051282
2 0.213867 0.401381 0.027344 0.069034
2 0.261230 0.390533 0.032227 0.074951
2 0.292480 0.399408 0.041992 0.076923
2 0.340332 0.385602 0.036133 0.076923
2 0.350586 0.345168 0.035156 0.039448
2 0.369629 0.310651 0.030273 0.041420
2 0.404785 0.353057 0.040039 0.047337
2 0.299805 0.571992 0.039062 0.059172
2 0.341797 0.581854 0.041016 0.051282
2 0.345215 0.636095 0.041992 0.069034
2 0.309570 0.634122 0.039062 0.053254
2 0.340820 0.689349 0.035156 0.061144
2 0.354492 0.711045 0.035156 0.049310
2 0.346680 0.747535 0.039062 0.055227
2 0.377441 0.758383 0.024414 0.041420
2 0.376465 0.791913 0.038086 0.065089
2 0.405762 0.819527 0.034180 0.088757
2 0.419434 0.779093 0.028320 0.047337
2 0.439453 0.812623 0.029297 0.067061
2 0.509277 0.783037 0.038086 0.071006
2 0.483887 0.763314 0.016602 0.059172
2 0.420410 0.682446 0.034180 0.074951
2 0.398438 0.658777 0.037109 0.067061
2 0.381836 0.606509 0.031250 0.053254
2 0.160156 0.516765 0.041016 0.067061
2 0.140625 0.515779 0.033203 0.049310
2 0.107422 0.523669 0.042969 0.080868
2 0.136719 0.588757 0.037109 0.057199
2 0.034180 0.620316 0.031250 0.041420
2 0.035156 0.662722 0.044922 0.063116
2 0.032227 0.720907 0.031250 0.053254
2 0.081055 0.769231 0.037109 0.051282
2 0.088867 0.829389 0.039062 0.072978
2 0.058105 0.844181 0.040039 0.067061
2 0.021973 0.842209 0.030273 0.055227
2 0.191895 0.835306 0.036133 0.069034
2 0.158203 0.777120 0.044922 0.082840
2 0.139648 0.742604 0.035156 0.069034
2 0.121582 0.703156 0.036133 0.072978
2 0.137207 0.671598 0.026367 0.076923
2 0.159180 0.657791 0.035156 0.061144
2 0.208008 0.728797 0.035156 0.037475
2 0.204590 0.757396 0.032227 0.051282
2 0.218750 0.824458 0.025391 0.074951
2 0.251953 0.834320 0.037109 0.078895
2 0.258789 0.801775 0.029297 0.045365
2 0.233887 0.762327 0.028320 0.045365
2 0.270996 0.742604 0.032227 0.065089
2 0.305664 0.787968 0.037109 0.080868
2 0.343262 0.836292 0.036133 0.071006
2 0.060547 0.577909 0.035156 0.047337
2 0.027832 0.572978 0.036133 0.049310
2 0.038086 0.546351 0.027344 0.039448
2 0.011719 0.536489 0.021484 0.086785
2 0.069824 0.390533 0.028320 0.047337
2 0.071777 0.353057 0.020508 0.035503
2 0.095215 0.356016 0.024414 0.061144
2 0.074707 0.328402 0.024414 0.041420
2 0.057617 0.313609 0.025391 0.043393
2 0.025391 0.387574 0.035156 0.049310
2 0.080566 0.161736 0.028320 0.051282
2 0.062988 0.178501 0.024414 0.045365
2 0.027832 0.181460 0.024414 0.031558
2 0.033691 0.206114 0.024414 0.037475
2 0.129883 0.158777 0.029297 0.045365
2 0.112305 0.169625 0.023438 0.035503
2 0.111816 0.201183 0.024414 0.051282
2 0.154297 0.160750 0.025391 0.033531
2 0.181641 0.153846 0.027344 0.043393
2 0.173828 0.201183 0.025391 0.031558
2 0.218262 0.198225 0.024414 0.045365
2 0.213867 0.154832 0.017578 0.033531
2 0.254883 0.214990 0.017578 0.027613
2 0.243164 0.181460 0.031250 0.031558
2 0.260254 0.145957 0.022461 0.043393
2 0.279785 0.151874 0.024414 0.039448
2 0.303223 0.188363 0.030273 0.049310
2 0.321289 0.231755 0.027344 0.061144
2 0.304688 0.281065 0.019531 0.037475
2 0.279297 0.314596 0.025391 0.045365
2 0.299316 0.333333 0.032227 0.027613
2 0.460449 0.315582 0.041992 0.051282
2 0.422363 0.130178 0.063477 0.055227
2 0.379883 0.118343 0.017578 0.031558
2 0.359863 0.192308 0.036133 0.061144
2 0.070801 0.260355 0.022461 0.047337
2 0.080078 0.274162 0.013672 0.043393
2 0.960938 0.588757 0.035156 0.065089
2 0.890137 0.594675 0.038086 0.069034
2 0.860840 0.636095 0.036133 0.053254
2 0.512207 0.607495 0.034180 0.051282
2 0.524414 0.597633 0.027344 0.047337
2 0.587891 0.631164 0.037109 0.051282
2 0.604492 0.667653 0.042969 0.069034
2 0.661133 0.497041 0.033203 0.043393
2 0.610352 0.532544 0.039062 0.067061
2 0.563477 0.547337 0.046875 0.045365
2 0.545898 0.484221 0.031250 0.057199
2 0.886719 0.839250 0.041016 0.080868
2 0.844238 0.838264 0.036133 0.078895
2 0.803223 0.823471 0.045898 0.069034
2 0.770508 0.848126 0.046875 0.051282
2 0.718750 0.843195 0.037109 0.049310
2 0.735840 0.894477 0.057617 0.080868
2 0.757812 0.695266 0.042969 0.061144
2 0.772461 0.639053 0.035156 0.082840
2 0.758301 0.575937 0.018555 0.035503
2 0.736816 0.565089 0.028320 0.045365
2 0.722168 0.678501 0.032227 0.071006
2 0.670410 0.585799 0.034180 0.043393
2 0.634277 0.603550 0.028320 0.047337
2 0.656250 0.628205 0.031250 0.041420
2 0.669434 0.654832 0.041992 0.039448
2 0.674805 0.695266 0.042969 0.029586
2 0.643066 0.686391 0.028320 0.039448
2 0.693359 0.371795 0.041016 0.045365
2 0.648926 0.227811 0.026367 0.041420
2 0.832031 0.533531 0.033203 0.041420
2 0.854492 0.506903 0.029297 0.047337
2 0.878906 0.480276 0.029297 0.053254
2 0.903320 0.453649 0.041016 0.039448
2 0.931641 0.734714 0.033203 0.049310
2 0.881836 0.714990 0.019531 0.041420
2 0.878906 0.743590 0.031250 0.059172
2 0.903320 0.738659 0.037109 0.053254
2 0.926270 0.700197 0.036133 0.043393
2 0.931152 0.661736 0.034180 0.065089
2 0.960938 0.672584 0.041016 0.043393
2 0.963867 0.749507 0.023438 0.047337
2 0.982910 0.759369 0.024414 0.043393
2 0.974121 0.794872 0.026367 0.043393
2 0.961426 0.674556 0.038086 0.047337
2 0.989258 0.677515 0.015625 0.041420
2 0.637695 0.168639 0.027344 0.029586
2 0.644531 0.152860 0.021484 0.029586
2 0.476074 0.700197 0.034180 0.059172
2 0.501465 0.731755 0.030273 0.035503
2 0.526855 0.730769 0.036133 0.045365
2 0.549316 0.715976 0.028320 0.063116
2 0.562012 0.693294 0.026367 0.037475
2 0.543457 0.668639 0.028320 0.035503
2 0.562988 0.615385 0.020508 0.035503
2 0.811523 0.701183 0.035156 0.049310
2 0.790527 0.740631 0.049805 0.037475
2 0.792480 0.778107 0.034180 0.037475
2 0.828125 0.622288 0.027344 0.045365
2 0.844727 0.665680 0.042969 0.057199
