2 0.090820 0.541667 0.105469 0.143229
2 0.200195 0.531901 0.082031 0.134115
2 0.251465 0.667969 0.102539 0.187500
2 0.304199 0.511719 0.053711 0.166667
2 0.340820 0.551432 0.074219 0.188802
2 0.405762 0.531250 0.083008 0.148438
2 0.445312 0.658203 0.064453 0.188802
2 0.514648 0.596354 0.072266 0.171875
2 0.571289 0.646484 0.078125 0.201823
2 0.597168 0.593099 0.040039 0.147135
2 0.669922 0.560547 0.123047 0.170573
2 0.753418 0.607422 0.118164 0.199219
2 0.814941 0.626302 0.084961 0.184896
2 0.858398 0.633464 0.093750 0.173177
