2 0.308105 0.088867 0.049805 0.050781
2 0.912109 0.062500 0.033203 0.025391
2 0.410645 0.397949 0.045898 0.026367
2 0.395508 0.445801 0.033203 0.030273
2 0.487793 0.453125 0.038086 0.021484
2 0.520508 0.477051 0.042969 0.028320
2 0.526855 0.516602 0.045898 0.037109
2 0.502930 0.542480 0.041016 0.028320
2 0.444824 0.559082 0.045898 0.028320
2 0.380371 0.581543 0.043945 0.026367
2 0.294922 0.647949 0.050781 0.028320
2 0.424316 0.494141 0.045898 0.029297
2 0.442871 0.482422 0.041992 0.025391
2 0.367676 0.625488 0.047852 0.024414
2 0.386719 0.643555 0.046875 0.027344
2 0.420898 0.653320 0.037109 0.025391
2 0.458984 0.641602 0.041016 0.033203
2 0.403809 0.708008 0.030273 0.027344
2 0.380859 0.728027 0.033203 0.030273
2 0.399902 0.789062 0.028320 0.041016
2 0.403320 0.845703 0.031250 0.031250
2 0.436523 0.865234 0.033203 0.021484
2 0.512207 0.919922 0.032227 0.027344
2 0.553711 0.915039 0.044922 0.033203
2 0.541016 0.946289 0.042969 0.021484
2 0.613281 0.877930 0.033203 0.025391
2 0.660645 0.875977 0.038086 0.027344
2 0.632812 0.844727 0.039062 0.039062
2 0.696777 0.840332 0.036133 0.018555
2 0.721191 0.813965 0.032227 0.026367
2 0.718262 0.748047 0.032227 0.029297
2 0.670410 0.701660 0.036133 0.026367
2 0.689453 0.632812 0.037109 0.033203
2 0.625977 0.567871 0.033203 0.030273
2 0.606445 0.576172 0.042969 0.035156
2 0.554688 0.590820 0.050781 0.033203
2 0.564453 0.627930 0.041016 0.031250
2 0.534668 0.647461 0.038086 0.023438
2 0.515625 0.634766 0.035156 0.037109
2 0.499023 0.639648 0.027344 0.035156
2 0.539062 0.722168 0.035156 0.022461
2 0.587891 0.779785 0.035156 0.026367
2 0.607910 0.755371 0.026367 0.034180
2 0.633789 0.742676 0.031250 0.030273
2 0.526367 0.778809 0.044922 0.028320
2 0.518066 0.811035 0.038086 0.026367
2 0.522461 0.829590 0.023438 0.026367
2 0.567871 0.832031 0.038086 0.021484
2 0.564453 0.852051 0.041016 0.028320
2 0.480957 0.784180 0.040039 0.033203
2 0.452637 0.786621 0.028320 0.026367
2 0.427734 0.768066 0.029297 0.024414
2 0.467285 0.728027 0.026367 0.018555
2 0.483398 0.735352 0.023438 0.037109
2 0.451660 0.703125 0.045898 0.025391
