2 0.165039 0.662109 0.037109 0.053385
2 0.222656 0.680990 0.062500 0.054688
2 0.358887 0.619141 0.047852 0.061198
2 0.409668 0.659505 0.034180 0.040365
2 0.449707 0.661458 0.041992 0.054688
2 0.547852 0.699219 0.062500 0.067708
2 0.792480 0.736328 0.065430 0.069010
2 0.709961 0.674479 0.068359 0.067708
2 0.564453 0.651693 0.037109 0.048177
2 0.527832 0.669922 0.024414 0.035156
2 0.521973 0.648438 0.032227 0.036458
2 0.512695 0.632812 0.031250 0.033854
2 0.858887 0.563151 0.043945 0.042969
2 0.865723 0.628906 0.055664 0.052083
2 0.810059 0.625651 0.061523 0.048177
2 0.693359 0.580078 0.050781 0.061198
2 0.672852 0.614583 0.044922 0.044271
2 0.617188 0.594401 0.041016 0.035156
2 0.543457 0.584635 0.018555 0.020833
2 0.810547 0.584635 0.015625 0.020833
2 0.790039 0.562500 0.019531 0.015625
2 0.826660 0.539714 0.014648 0.016927
2 0.811523 0.528646 0.017578 0.010417
2 0.772949 0.532552 0.016602 0.013021
2 0.755859 0.524089 0.015625 0.016927
2 0.737305 0.523438 0.021484 0.018229
2 0.857422 0.516927 0.015625 0.018229
2 0.922363 0.514323 0.018555 0.015625
2 0.924316 0.498698 0.012695 0.018229
2 0.913574 0.498047 0.012695 0.016927
2 0.892578 0.502604 0.017578 0.015625
2 0.880371 0.504557 0.012695 0.016927
2 0.868164 0.503255 0.013672 0.016927
2 0.828613 0.500651 0.012695 0.014323
2 0.830078 0.518880 0.017578 0.014323
2 0.785156 0.458984 0.033203 0.029948
2 0.800781 0.507812 0.011719 0.020833
2 0.810547 0.496745 0.011719 0.016927
2 0.545410 0.563802 0.022461 0.018229
2 0.521484 0.579427 0.025391 0.028646
2 0.494141 0.555339 0.021484 0.016927
2 0.500000 0.570312 0.021484 0.020833
2 0.479004 0.579427 0.020508 0.020833
2 0.457520 0.561198 0.024414 0.015625
2 0.446777 0.569661 0.022461 0.019531
2 0.448730 0.550130 0.034180 0.022135
2 0.409180 0.555990 0.027344 0.018229
2 0.378418 0.552734 0.024414 0.019531
2 0.390625 0.542969 0.019531 0.018229
2 0.349121 0.544922 0.022461 0.016927
2 0.367676 0.514974 0.016602 0.014323
2 0.359375 0.524740 0.017578 0.013021
2 0.409668 0.526042 0.014648 0.010417
