1 0.435547 0.344070 0.095703 0.137628
1 0.497070 0.504392 0.035156 0.060029
1 0.479492 0.584187 0.041016 0.046852
1 0.477539 0.647877 0.025391 0.030747
1 0.269531 0.686676 0.035156 0.052709
1 0.315430 0.693997 0.021484 0.029283
1 0.340332 0.704246 0.014648 0.023426
1 0.382324 0.707174 0.012695 0.026354
1 0.259766 0.693265 0.019531 0.021962
1 0.183105 0.710102 0.022461 0.032211
1 0.180664 0.609810 0.019531 0.039531
1 0.097656 0.381406 0.033203 0.042460
1 0.834473 0.460469 0.077148 0.147877
1 0.865234 0.540264 0.056641 0.090776
1 0.778809 0.611274 0.049805 0.065886
1 0.722656 0.273060 0.093750 0.156662
1 0.622559 0.573206 0.067383 0.092240
1 0.544922 0.737921 0.130859 0.140556
1 0.668945 0.733529 0.105469 0.114202
1 0.713867 0.702782 0.052734 0.064422
