1 0.442383 0.333591 0.097656 0.233746
1 0.668457 0.453560 0.092773 0.232198
1 0.700684 0.337461 0.032227 0.068111
1 0.815430 0.438080 0.083984 0.154799
1 0.723145 0.474458 0.040039 0.047988
1 0.571289 0.641641 0.037109 0.072755
1 0.623535 0.739938 0.069336 0.117647
1 0.364746 0.390093 0.079102 0.167183
1 0.233398 0.416409 0.050781 0.089783
1 0.151367 0.463622 0.076172 0.137771
1 0.440918 0.647059 0.040039 0.086687
1 0.461914 0.582043 0.041016 0.074303
1 0.429688 0.738390 0.044922 0.099071
1 0.481445 0.817337 0.044922 0.080495
1 0.606445 0.893189 0.103516 0.213622
1 0.784180 0.921827 0.109375 0.156347
1 0.690918 0.897833 0.079102 0.139319
1 0.396973 0.937307 0.106445 0.125387
1 0.458008 0.968266 0.050781 0.063467
1 0.300293 0.934985 0.065430 0.130031
1 0.184082 0.804180 0.252930 0.391641
1 0.076660 0.626161 0.057617 0.094427
1 0.041992 0.764706 0.082031 0.470588
