1 0.456055 0.549048 0.460938 0.901903
1 0.160645 0.239385 0.038086 0.054173
1 0.190430 0.412884 0.048828 0.096633
1 0.096191 0.517570 0.034180 0.057101
1 0.069824 0.543924 0.030273 0.027818
1 0.186523 0.554173 0.021484 0.027818
1 0.017090 0.016837 0.032227 0.030747
1 0.598145 0.810395 0.018555 0.033675
1 0.646973 0.788433 0.018555 0.030747
1 0.775879 0.693265 0.028320 0.042460
1 0.814453 0.416545 0.050781 0.092240
1 0.740723 0.372621 0.041992 0.062958
1 0.746094 0.044656 0.054688 0.086384
1 0.954590 0.527086 0.090820 0.254758
1 0.900879 0.455344 0.036133 0.058565
1 0.894531 0.541728 0.035156 0.046852
1 0.885254 0.702050 0.028320 0.051245
1 0.865723 0.754758 0.024414 0.039531
1 0.818848 0.691801 0.036133 0.048316
1 0.869629 0.787701 0.020508 0.035139
1 0.875000 0.822840 0.017578 0.026354
1 0.777344 0.838946 0.042969 0.038067
1 0.729004 0.819912 0.034180 0.023426
1 0.934570 0.734261 0.039062 0.057101
1 0.970703 0.780381 0.019531 0.032211
1 0.980957 0.809663 0.016602 0.026354
1 0.988770 0.841874 0.022461 0.032211
1 0.986328 0.067350 0.027344 0.117130
1 0.631348 0.145681 0.040039 0.057101
1 0.573730 0.129575 0.045898 0.057101
1 0.214355 0.733529 0.012695 0.026354
1 0.289551 0.776720 0.010742 0.013177
1 0.299805 0.799414 0.005859 0.008785
1 0.354492 0.856515 0.015625 0.026354
