1 0.369141 0.143229 0.085938 0.119792
1 0.394531 0.322266 0.023438 0.032552
1 0.373535 0.384766 0.026367 0.058594
1 0.277344 0.379557 0.058594 0.095052
1 0.224121 0.427083 0.022461 0.049479
1 0.179688 0.414714 0.025391 0.032552
1 0.059082 0.393229 0.028320 0.036458
1 0.029297 0.472005 0.021484 0.029948
1 0.109375 0.717448 0.074219 0.083333
1 0.513184 0.801432 0.104492 0.191406
1 0.763672 0.352214 0.033203 0.053385
1 0.711426 0.339193 0.028320 0.040365
1 0.589844 0.425130 0.019531 0.029948
1 0.545410 0.481120 0.026367 0.035156
1 0.563965 0.355469 0.024414 0.046875
1 0.450684 0.352865 0.028320 0.044271
