1 0.458984 0.261068 0.136719 0.173177
1 0.390137 0.679688 0.151367 0.208333
1 0.166992 0.553385 0.093750 0.132812
1 0.129395 0.330078 0.081055 0.136719
1 0.230957 0.272135 0.088867 0.145833
1 0.408691 0.109375 0.055664 0.078125
1 0.602051 0.083333 0.075195 0.093750
1 0.696777 0.218750 0.051758 0.078125
1 0.630859 0.300781 0.101562 0.140625
1 0.820312 0.268880 0.058594 0.105469
1 0.891113 0.236979 0.073242 0.122396
1 0.964844 0.130859 0.070312 0.092448
1 0.370605 0.442057 0.077148 0.108073
1 0.016602 0.404948 0.031250 0.119792
1 0.023926 0.589193 0.045898 0.149740
