1 0.292969 0.288546 0.134766 0.207048
1 0.423828 0.447137 0.062500 0.142438
1 0.529297 0.487518 0.089844 0.135095
1 0.603027 0.688693 0.043945 0.073421
1 0.714355 0.424376 0.084961 0.164464
1 0.795898 0.627753 0.013672 0.042584
1 0.716797 0.664464 0.019531 0.027900
1 0.685547 0.707783 0.009766 0.023495
1 0.665527 0.712922 0.014648 0.022026
1 0.627441 0.726872 0.038086 0.067548
1 0.601074 0.765051 0.026367 0.035242
1 0.588867 0.774596 0.013672 0.022026
1 0.564941 0.794420 0.014648 0.035242
1 0.549316 0.820117 0.028320 0.054332
1 0.548828 0.707783 0.019531 0.058737
1 0.570312 0.690896 0.013672 0.030837
1 0.532715 0.651248 0.018555 0.027900
1 0.532227 0.758443 0.013672 0.027900
1 0.364258 0.616740 0.070312 0.105727
1 0.038086 0.127019 0.074219 0.251101
1 0.243652 0.818649 0.051758 0.057269
