3 0.720052 0.142593 0.002604 0.003704
3 0.317188 0.164352 0.001042 0.002778
3 0.310156 0.212963 0.002604 0.003704
3 0.576042 0.225926 0.001042 0.001852
3 0.742188 0.231481 0.002083 0.001852
3 0.479427 0.283796 0.003646 0.006481
3 0.420573 0.296296 0.003646 0.005556
3 0.704948 0.309259 0.002604 0.003704
3 0.725260 0.362963 0.004687 0.005556
3 0.426042 0.368519 0.003125 0.003704
3 0.865885 0.368519 0.002604 0.001852
3 0.507292 0.370370 0.001042 0.001852
3 0.918750 0.376389 0.004167 0.004630
3 0.701302 0.402315 0.003646 0.004630
3 0.718750 0.403241 0.004167 0.004630
3 0.536458 0.404167 0.002083 0.002778
3 0.569010 0.440278 0.002604 0.002778
3 0.704688 0.450000 0.003125 0.003704
3 0.544010 0.450926 0.001563 0.001852
3 0.662500 0.470370 0.007292 0.005556
3 0.901823 0.469444 0.001563 0.001852
3 0.675260 0.473611 0.005729 0.004630
3 0.631250 0.480093 0.004167 0.006481
3 0.650000 0.489352 0.001042 0.002778
3 0.246094 0.491667 0.001563 0.001852
3 0.682292 0.491667 0.001042 0.001852
3 0.552604 0.493519 0.001042 0.001852
3 0.710417 0.497222 0.006250 0.007407
3 0.703125 0.513889 0.013542 0.020370
3 0.714583 0.504630 0.003125 0.001852
3 0.721094 0.547685 0.017188 0.025000
3 0.711458 0.536111 0.000000 0.000000
3 0.713542 0.548148 0.005208 0.003704
3 0.561719 0.556481 0.002604 0.003704
3 0.625260 0.566204 0.002604 0.002778
3 0.863542 0.643981 0.010417 0.006481
