3 0.359115 0.002315 0.005729 0.004630
3 0.365104 0.004167 0.003125 0.008333
3 0.391146 0.026389 0.050000 0.052778
3 0.752344 0.061574 0.017188 0.045370
3 0.391667 0.118981 0.021875 0.043519
3 0.620313 0.108796 0.004167 0.013889
3 0.135417 0.168056 0.020833 0.021296
3 0.615365 0.230556 0.030729 0.040741
3 0.916667 0.257870 0.036458 0.039815
3 0.909896 0.237963 0.000000 0.000000
3 0.482031 0.371296 0.054688 0.088889
3 0.624740 0.393519 0.024479 0.027778
3 0.600521 0.437963 0.000000 0.000000
3 0.653906 0.482407 0.021354 0.024074
3 0.793750 0.554630 0.000000 0.000000
3 0.455469 0.626389 0.022396 0.041667
3 0.513542 0.659259 0.040625 0.059259
