3 0.561719 0.049537 0.023438 0.030556
3 0.608854 0.055556 0.023958 0.027778
3 0.524740 0.101852 0.039062 0.066667
3 0.985156 0.173148 0.013021 0.018519
3 0.939063 0.210648 0.012500 0.015741
3 0.509115 0.214815 0.005729 0.011111
3 0.610677 0.333333 0.016146 0.027778
3 0.307812 0.418056 0.052083 0.062037
3 0.884896 0.406944 0.005208 0.006481
3 0.486198 0.414352 0.006771 0.010185
3 0.361198 0.492130 0.019271 0.026852
3 0.864323 0.503704 0.004687 0.007407
3 0.669531 0.628241 0.005729 0.006481
3 0.809896 0.670370 0.010417 0.014815
3 0.406771 0.822685 0.010417 0.008333
