3 0.592448 0.150926 0.001563 0.003704
3 0.633594 0.211574 0.003646 0.008333
3 0.698177 0.210185 0.003646 0.005556
3 0.528125 0.225000 0.016667 0.031481
3 0.542448 0.239815 0.007812 0.012963
3 0.600781 0.257870 0.004687 0.008333
3 0.479948 0.275463 0.007812 0.013889
3 0.653646 0.306481 0.004167 0.007407
3 0.621615 0.313889 0.019271 0.018519
3 0.662500 0.329630 0.009375 0.011111
3 0.535937 0.330556 0.002083 0.003704
3 0.583333 0.337037 0.002083 0.003704
3 0.692969 0.340278 0.004687 0.008333
3 0.704167 0.343981 0.011458 0.015741
3 0.794792 0.344907 0.003125 0.006481
3 0.616406 0.349537 0.008854 0.012037
3 0.691406 0.350000 0.004687 0.007407
3 0.327344 0.352315 0.003646 0.006481
3 0.552604 0.397222 0.006250 0.005556
3 0.591146 0.447685 0.001042 0.002778
3 0.470313 0.497222 0.002083 0.003704
3 0.579688 0.556019 0.004167 0.006481
3 0.403646 0.558796 0.003125 0.006481
3 0.499740 0.557870 0.001563 0.002778
3 0.538802 0.564352 0.001563 0.002778
3 0.675781 0.583333 0.004687 0.005556
3 0.612500 0.668519 0.004167 0.007407
3 0.395833 0.668519 0.001042 0.001852
3 0.655469 0.686574 0.003646 0.004630
3 0.467708 0.698148 0.003125 0.005556
3 0.420052 0.755556 0.002604 0.003704
3 0.272656 0.816667 0.001563 0.003704
