3 0.854427 0.042130 0.017188 0.021296
3 0.678906 0.266204 0.017188 0.013889
3 0.189062 0.267130 0.007292 0.012037
3 0.548958 0.342593 0.032292 0.018519
3 0.314844 0.342130 0.007812 0.012037
3 0.377083 0.341204 0.008333 0.010185
3 0.868229 0.385648 0.044792 0.036111
3 0.297917 0.448611 0.029167 0.032407
3 0.398698 0.487037 0.014063 0.020370
3 0.651302 0.519907 0.015104 0.017593
3 0.539323 0.659259 0.067187 0.096296
3 0.183073 0.727778 0.065104 0.079630
3 0.711198 0.712963 0.033854 0.018519
3 0.247396 0.784722 0.030208 0.034259
