3 0.527083 0.031481 0.005208 0.003704
3 0.509115 0.066204 0.005729 0.010185
3 0.594010 0.087037 0.006771 0.009259
3 0.542969 0.099537 0.016146 0.019444
3 0.993490 0.153241 0.004687 0.004630
3 0.788542 0.172685 0.006250 0.006481
3 0.313281 0.174074 0.002604 0.003704
3 0.897917 0.181019 0.002083 0.002778
3 0.775521 0.209259 0.006250 0.012963
3 0.546875 0.212963 0.012500 0.012963
3 0.894792 0.238426 0.005208 0.006481
3 0.498177 0.261574 0.009896 0.012037
3 0.548958 0.259722 0.002083 0.004630
3 0.851823 0.281019 0.006771 0.010185
3 0.492969 0.306944 0.015104 0.034259
3 0.745313 0.301389 0.002083 0.002778
3 0.539062 0.304167 0.003125 0.004630
3 0.751823 0.311111 0.004687 0.007407
3 0.580469 0.331481 0.006771 0.014815
3 0.662760 0.368981 0.002604 0.002778
3 0.502083 0.375463 0.009375 0.010185
3 0.445052 0.411111 0.021354 0.025926
3 0.576562 0.425926 0.004167 0.003704
3 0.369531 0.482870 0.008854 0.008333
3 0.858333 0.643056 0.002083 0.002778
