3 0.357552 0.044907 0.002604 0.002778
3 0.235417 0.104167 0.006250 0.010185
3 0.298177 0.125926 0.005729 0.009259
3 0.077604 0.168056 0.009375 0.015741
3 0.161458 0.184259 0.006250 0.009259
3 0.334375 0.207407 0.006250 0.009259
3 0.364063 0.212500 0.011458 0.017593
3 0.286458 0.250463 0.014583 0.013889
3 0.186979 0.249537 0.007292 0.008333
3 0.392969 0.265278 0.002604 0.002778
3 0.502344 0.273148 0.011979 0.012963
3 0.339844 0.273611 0.002604 0.002778
3 0.174219 0.312037 0.011979 0.018519
3 0.307031 0.379630 0.027604 0.038889
3 0.101302 0.375000 0.004687 0.007407
3 0.439063 0.403241 0.002083 0.002778
3 0.250521 0.425926 0.012500 0.012963
3 0.452083 0.439815 0.020833 0.035185
3 0.430208 0.457870 0.010417 0.013889
3 0.156771 0.486111 0.002083 0.001852
3 0.515885 0.631019 0.006771 0.010185
3 0.085156 0.765741 0.004687 0.003704
