3 0.263542 0.018981 0.012500 0.019444
3 0.490885 0.057870 0.003646 0.006481
3 0.421875 0.111111 0.009375 0.016667
3 0.302865 0.136111 0.011979 0.018519
3 0.664062 0.201389 0.018750 0.034259
3 0.260677 0.213426 0.029687 0.047222
3 0.483333 0.215741 0.022917 0.033333
3 0.488802 0.243519 0.010937 0.016667
3 0.568229 0.312963 0.005208 0.005556
3 0.644792 0.333796 0.005208 0.006481
3 0.470833 0.440741 0.045833 0.061111
3 0.792708 0.461574 0.018750 0.026852
3 0.373437 0.468981 0.022917 0.028704
3 0.663802 0.691204 0.039062 0.062037
3 0.636458 0.700926 0.015625 0.031481
3 0.513281 0.708333 0.003646 0.005556
