3 0.330208 0.007407 0.003125 0.007407
3 0.388802 0.096759 0.002604 0.004630
3 0.524740 0.096759 0.000521 0.002778
3 0.768750 0.098148 0.001042 0.001852
3 0.698177 0.179167 0.003646 0.004630
3 0.539062 0.257870 0.003125 0.004630
3 0.600000 0.271296 0.001042 0.001852
3 0.539583 0.285185 0.004167 0.005556
3 0.211458 0.305093 0.003125 0.004630
3 0.664062 0.306944 0.003125 0.004630
3 0.420833 0.316667 0.003125 0.003704
3 0.457552 0.318519 0.003646 0.007407
3 0.400260 0.322685 0.003646 0.004630
3 0.434375 0.336111 0.001042 0.001852
3 0.415365 0.354630 0.002604 0.003704
3 0.556250 0.353704 0.001042 0.001852
3 0.386719 0.363889 0.008854 0.012963
3 0.394531 0.360185 0.003646 0.005556
3 0.439844 0.395833 0.002604 0.004630
3 0.445573 0.401852 0.007812 0.009259
3 0.250521 0.404630 0.001042 0.001852
3 0.574740 0.412500 0.001563 0.002778
3 0.827865 0.423611 0.001563 0.002778
3 0.492969 0.430556 0.004687 0.009259
3 0.459375 0.445370 0.001042 0.001852
3 0.429167 0.456019 0.013542 0.019444
3 0.405990 0.455093 0.006771 0.008333
3 0.484375 0.467593 0.001042 0.001852
3 0.607812 0.482407 0.002083 0.003704
3 0.086979 0.505093 0.004167 0.002778
3 0.500260 0.508796 0.004687 0.006481
3 0.408594 0.513426 0.000521 0.000926
3 0.457552 0.548148 0.013021 0.014815
3 0.437760 0.664815 0.002604 0.003704
