3 0.932292 0.176852 0.013542 0.011111
3 0.557552 0.246759 0.005729 0.004630
3 0.601562 0.269907 0.015625 0.021296
3 0.804688 0.358333 0.005208 0.007407
3 0.573958 0.376389 0.014583 0.019444
3 0.771615 0.407407 0.015104 0.024074
3 0.625260 0.481944 0.020313 0.032407
3 0.313802 0.545833 0.024479 0.019444
3 0.929948 0.547685 0.016146 0.021296
3 0.716927 0.558796 0.031771 0.030556
3 0.463802 0.585185 0.006771 0.005556
3 0.572917 0.656944 0.006250 0.006481
3 0.019531 0.664815 0.007812 0.007407
3 0.654687 0.768519 0.066667 0.077778
3 0.925521 0.765741 0.033333 0.044444
3 0.857292 0.827778 0.016667 0.011111
3 0.334635 0.862963 0.046354 0.075926
3 0.371875 0.909722 0.023958 0.030556
3 0.736458 0.949537 0.026042 0.032407
