3 0.207813 0.026389 0.003125 0.004630
3 0.871094 0.050000 0.013021 0.016667
3 0.867188 0.047222 0.000000 0.000000
3 0.663281 0.110185 0.013021 0.020370
3 0.660417 0.105556 0.000000 0.000000
3 0.285677 0.117593 0.006771 0.003704
3 0.198437 0.219907 0.008333 0.013889
3 0.946875 0.224074 0.013542 0.016667
3 0.433854 0.277315 0.004167 0.006481
3 0.825521 0.296296 0.008333 0.007407
3 0.400521 0.358796 0.007292 0.010185
3 0.719010 0.365741 0.027604 0.009259
3 0.965365 0.386111 0.032813 0.022222
3 0.642448 0.390278 0.009896 0.010185
3 0.331771 0.406944 0.022917 0.015741
3 0.937240 0.412963 0.013021 0.009259
3 0.620313 0.426852 0.006250 0.007407
3 0.549740 0.448148 0.019271 0.020370
3 0.733854 0.470370 0.051042 0.062963
3 0.341927 0.467130 0.004687 0.004630
3 0.457292 0.469444 0.005208 0.007407
3 0.466667 0.556944 0.047917 0.060185
3 0.535156 0.566204 0.004687 0.008333
3 0.841406 0.572222 0.025521 0.009259
3 0.508333 0.595833 0.022917 0.023148
3 0.222917 0.738426 0.026042 0.021296
3 0.870573 0.732407 0.010937 0.009259
3 0.711458 0.752778 0.009375 0.014815
3 0.002865 0.760648 0.003646 0.004630
