3 0.491927 0.054167 0.025521 0.054630
3 0.287760 0.083796 0.011979 0.028704
3 0.394792 0.079167 0.002083 0.002778
3 0.323437 0.088889 0.003125 0.005556
3 0.476302 0.104167 0.015104 0.023148
3 0.336458 0.116667 0.006250 0.011111
3 0.341146 0.155093 0.006250 0.010185
3 0.578385 0.209259 0.002604 0.003704
3 0.279687 0.223611 0.006250 0.012037
3 0.263021 0.241667 0.004167 0.007407
3 0.581771 0.245833 0.010417 0.015741
3 0.313802 0.268519 0.016146 0.022222
3 0.005469 0.270833 0.007812 0.015741
3 0.386458 0.300000 0.023958 0.055556
3 0.249219 0.335185 0.007812 0.011111
3 0.243229 0.358796 0.006250 0.010185
3 0.361719 0.425000 0.013021 0.024074
3 0.156250 0.447685 0.005208 0.006481
3 0.292708 0.464352 0.017708 0.028704
3 0.450781 0.684722 0.002604 0.002778
3 0.434115 0.701852 0.004687 0.007407
