3 0.546875 0.010648 0.006250 0.010185
3 0.697396 0.042593 0.002083 0.003704
3 0.525260 0.076852 0.014063 0.022222
3 0.538542 0.086111 0.005208 0.009259
3 0.555990 0.109259 0.006771 0.011111
3 0.451302 0.113889 0.002604 0.003704
3 0.490625 0.128704 0.005208 0.005556
3 0.726302 0.176852 0.005729 0.011111
3 0.475000 0.206481 0.005208 0.009259
3 0.492188 0.232870 0.009375 0.017593
3 0.534375 0.239815 0.009375 0.018519
3 0.736979 0.251852 0.005208 0.007407
3 0.488802 0.290741 0.020313 0.031481
3 0.804427 0.292130 0.006771 0.010185
3 0.304948 0.291667 0.002604 0.003704
3 0.523177 0.314352 0.001563 0.004630
3 0.721875 0.350000 0.002083 0.003704
3 0.562500 0.368519 0.005208 0.014815
3 0.513281 0.374537 0.002604 0.004630
3 0.697656 0.383796 0.002604 0.002778
3 0.914844 0.386111 0.003646 0.005556
3 0.832031 0.391204 0.004687 0.006481
3 0.835156 0.420833 0.001563 0.002778
3 0.432292 0.462037 0.019792 0.027778
3 0.484115 0.478241 0.008854 0.012037
3 0.636719 0.477315 0.002604 0.002778
3 0.712760 0.494907 0.004687 0.006481
3 0.312760 0.557870 0.007812 0.012037
3 0.551823 0.621759 0.003646 0.004630
3 0.832292 0.811574 0.002083 0.002778
