3 0.373177 0.038889 0.004687 0.003704
3 0.847656 0.204630 0.004687 0.005556
3 0.735417 0.293981 0.006250 0.008333
3 0.723177 0.307407 0.006771 0.009259
3 0.161198 0.318519 0.006771 0.009259
3 0.157292 0.315741 0.000000 0.000000
3 0.753125 0.332870 0.007292 0.004630
3 0.438281 0.357870 0.005729 0.006481
3 0.359375 0.379167 0.002083 0.004630
3 0.771875 0.390741 0.008333 0.011111
3 0.708854 0.410185 0.006250 0.009259
3 0.763281 0.445370 0.011979 0.016667
3 0.559896 0.443056 0.005208 0.008333
3 0.444531 0.459722 0.005729 0.008333
3 0.172656 0.493056 0.008854 0.012037
3 0.460417 0.517593 0.002083 0.003704
3 0.720573 0.533333 0.008854 0.014815
3 0.694010 0.584722 0.001563 0.004630
3 0.774219 0.603241 0.008854 0.012037
3 0.649479 0.636574 0.007292 0.017593
3 0.764062 0.648611 0.026042 0.039815
3 0.703906 0.636111 0.003646 0.005556
3 0.466927 0.657407 0.002604 0.005556
3 0.693229 0.789352 0.014583 0.019444
3 0.783073 0.834722 0.028646 0.039815
3 0.867448 0.927778 0.010937 0.012963
3 0.395052 0.951389 0.009896 0.015741
