3 0.303385 0.046296 0.005729 0.005556
3 0.147917 0.079630 0.025000 0.042593
3 0.140625 0.100926 0.000000 0.000000
3 0.510938 0.146759 0.028125 0.036111
3 0.205469 0.224074 0.013021 0.020370
3 0.348698 0.223611 0.006771 0.010185
3 0.197656 0.288889 0.013021 0.022222
3 0.064844 0.325926 0.028646 0.038889
3 0.058073 0.374537 0.013021 0.023148
3 0.225260 0.399074 0.006771 0.007407
3 0.132812 0.524074 0.047917 0.101852
3 0.468229 0.553704 0.050000 0.087037
3 0.430469 0.609722 0.024479 0.036111
3 0.640104 0.625000 0.006250 0.005556
3 0.061198 0.728241 0.025521 0.037963
3 0.778385 0.981944 0.017188 0.025000
