3 0.282552 0.081481 0.090104 0.162963
3 0.252083 0.040741 0.000000 0.000000
3 0.314583 0.040741 0.000000 0.000000
3 0.320312 0.043519 0.000000 0.000000
3 0.321875 0.043519 0.000000 0.000000
3 0.322396 0.044444 0.000000 0.000000
3 0.244792 0.047222 0.000000 0.000000
3 0.243750 0.049074 0.000000 0.000000
3 0.304167 0.049074 0.000000 0.000000
3 0.305208 0.049074 0.000000 0.000000
3 0.304688 0.050000 0.000000 0.000000
3 0.241146 0.053704 0.000000 0.000000
3 0.239844 0.057407 0.000521 0.000000
3 0.267188 0.057407 0.000000 0.000000
3 0.328125 0.062037 0.000000 0.000000
3 0.327604 0.062963 0.000000 0.000000
3 0.268750 0.068519 0.000000 0.000000
3 0.238021 0.082407 0.000000 0.000000
3 0.238021 0.086111 0.000000 0.000000
3 0.305208 0.100926 0.000000 0.000000
3 0.317188 0.100926 0.000000 0.000000
3 0.305729 0.101852 0.000000 0.000000
3 0.314583 0.101852 0.000000 0.000000
3 0.245833 0.103704 0.000000 0.000000
3 0.310937 0.103704 0.000000 0.000000
3 0.248438 0.106481 0.000000 0.000000
3 0.249479 0.106481 0.000000 0.000000
3 0.304167 0.116667 0.000000 0.000000
3 0.276042 0.143519 0.000000 0.000000
3 0.276562 0.144444 0.000000 0.000000
3 0.279167 0.153704 0.000000 0.000000
3 0.292187 0.155556 0.000000 0.000000
3 0.281250 0.157407 0.000000 0.000000
3 0.280729 0.159259 0.000000 0.000000
3 0.282813 0.159259 0.000000 0.000000
3 0.283854 0.161111 0.000000 0.000000
3 0.284375 0.162037 0.000000 0.000000
3 0.285938 0.162037 0.000000 0.000000
3 0.286458 0.162963 0.000000 0.000000
3 0.289583 0.164815 0.000000 0.000000
