3 0.924479 0.006481 0.009375 0.012963
3 0.898958 0.018519 0.009375 0.011111
3 0.816406 0.064815 0.003646 0.005556
3 0.987760 0.123611 0.023438 0.050926
3 0.882031 0.155556 0.008854 0.014815
3 0.528906 0.185185 0.008854 0.012963
3 0.857031 0.186111 0.002604 0.007407
3 0.992708 0.199537 0.013542 0.026852
3 0.541667 0.212500 0.003125 0.006481
3 0.859896 0.271296 0.007292 0.009259
3 0.816406 0.296759 0.009896 0.023148
3 0.421094 0.331481 0.006771 0.011111
3 0.892969 0.333333 0.008854 0.011111
3 0.909896 0.346296 0.017708 0.018519
3 0.981771 0.391204 0.028125 0.045370
3 0.880469 0.384259 0.008854 0.009259
3 0.497135 0.493056 0.008854 0.012037
3 0.963281 0.505093 0.017188 0.023148
3 0.996354 0.503704 0.006250 0.012963
3 0.660677 0.586574 0.007812 0.010185
