3 0.554167 0.023611 0.003125 0.004630
3 0.974740 0.087037 0.003646 0.007407
3 0.715625 0.096296 0.008333 0.005556
3 0.995052 0.225926 0.008854 0.012963
3 0.999479 0.228704 0.000000 0.000000
3 0.987240 0.257407 0.008854 0.009259
3 0.753125 0.287037 0.008333 0.011111
3 0.046875 0.285648 0.003125 0.004630
3 0.659115 0.317593 0.003646 0.003704
3 0.906510 0.380556 0.007812 0.012963
3 0.552604 0.390741 0.003125 0.005556
3 0.943750 0.427778 0.010417 0.014815
3 0.233073 0.455093 0.009896 0.015741
3 0.917188 0.496759 0.021875 0.021296
3 0.774479 0.532407 0.013542 0.024074
3 0.857552 0.570833 0.003646 0.004630
3 0.800521 0.600463 0.004167 0.006481
3 0.942969 0.675463 0.038021 0.060185
3 0.677344 0.704167 0.017188 0.021296
3 0.808333 0.894444 0.036458 0.051852
3 0.831771 0.898611 0.013542 0.026852
