3 0.126302 0.031481 0.004687 0.005556
3 0.573958 0.037500 0.001042 0.002778
3 0.826042 0.062963 0.003125 0.003704
3 0.819271 0.162963 0.004167 0.007407
3 0.293229 0.192593 0.006250 0.009259
3 0.350260 0.204630 0.006771 0.009259
3 0.807031 0.283333 0.006771 0.009259
3 0.319271 0.301852 0.005208 0.007407
3 0.449219 0.301389 0.001563 0.002778
3 0.524740 0.340278 0.003646 0.004630
3 0.810417 0.349537 0.006250 0.008333
3 0.757292 0.354630 0.006250 0.007407
3 0.557813 0.419444 0.005208 0.005556
3 0.785417 0.429167 0.005208 0.006481
3 0.490104 0.443981 0.002083 0.002778
3 0.725781 0.467130 0.013021 0.008333
3 0.644531 0.481944 0.006771 0.012037
3 0.672396 0.482870 0.012500 0.008333
3 0.798958 0.502315 0.011458 0.012037
3 0.528906 0.508333 0.001563 0.003704
3 0.731771 0.509259 0.002083 0.003704
3 0.667188 0.514352 0.002083 0.002778
3 0.769010 0.532407 0.021354 0.033333
3 0.806510 0.523148 0.005729 0.003704
3 0.009635 0.525000 0.002604 0.003704
3 0.770312 0.601389 0.028125 0.037963
3 0.792448 0.591204 0.009896 0.006481
3 0.555729 0.612500 0.004167 0.006481
3 0.663281 0.628704 0.004687 0.005556
3 0.940104 0.767130 0.014583 0.012037
