3 0.814323 0.143981 0.005729 0.008333
3 0.422656 0.167593 0.001563 0.003704
3 0.496094 0.180556 0.002604 0.005556
3 0.478385 0.267593 0.003646 0.005556
3 0.599219 0.326389 0.007812 0.013889
3 0.316406 0.348611 0.020313 0.026852
3 0.527604 0.364352 0.015625 0.023148
3 0.519792 0.393519 0.005208 0.011111
3 0.502083 0.397222 0.006250 0.007407
3 0.486719 0.403704 0.006771 0.012963
3 0.562760 0.432407 0.001563 0.003704
3 0.734635 0.484259 0.001563 0.003704
3 0.545312 0.489815 0.002083 0.003704
3 0.175260 0.493519 0.002604 0.003704
3 0.495573 0.511574 0.020313 0.032407
3 0.596615 0.506019 0.007812 0.010185
3 0.526042 0.537963 0.012500 0.018519
3 0.507292 0.549537 0.007292 0.012037
3 0.466146 0.572222 0.009375 0.014815
3 0.857031 0.617130 0.001563 0.004630
3 0.443229 0.646759 0.015625 0.021296
3 0.471354 0.644907 0.006250 0.010185
3 0.714844 0.653241 0.001563 0.004630
3 0.929688 0.691667 0.004167 0.009259
3 0.741146 0.758333 0.006250 0.012963
3 0.574740 0.860185 0.005729 0.011111
3 0.691927 0.886574 0.004687 0.010185
