3 0.954948 0.028241 0.005729 0.006481
3 0.180208 0.031944 0.007292 0.010185
3 0.072135 0.033333 0.004687 0.007407
3 0.483594 0.080093 0.001563 0.002778
3 0.706771 0.201852 0.007292 0.011111
3 0.348438 0.228704 0.002083 0.003704
3 0.578646 0.250463 0.015625 0.019444
3 0.226042 0.248148 0.005208 0.007407
3 0.662500 0.250463 0.007292 0.008333
3 0.687240 0.266667 0.003646 0.005556
3 0.378646 0.290741 0.002083 0.003704
3 0.695312 0.299074 0.007292 0.009259
3 0.567448 0.347222 0.002604 0.003704
3 0.544271 0.377315 0.007292 0.015741
3 0.455208 0.375000 0.005208 0.007407
3 0.693750 0.406019 0.035417 0.041667
3 0.627083 0.394444 0.011458 0.012963
3 0.433073 0.391204 0.003646 0.004630
3 0.417969 0.433333 0.001563 0.005556
3 0.671875 0.451852 0.022917 0.038889
3 0.697135 0.446296 0.010937 0.020370
3 0.692187 0.474537 0.010417 0.013889
3 0.694531 0.530556 0.009896 0.009259
3 0.442969 0.583333 0.004687 0.007407
3 0.552604 0.605556 0.004167 0.003704
