3 0.653385 0.047222 0.006771 0.009259
3 0.638021 0.068056 0.007292 0.012037
3 0.725781 0.097222 0.006771 0.009259
3 0.817969 0.194444 0.007812 0.011111
3 0.402604 0.218056 0.002083 0.002778
3 0.228125 0.250463 0.006250 0.004630
3 0.463021 0.284722 0.004167 0.002778
3 0.763802 0.294444 0.007812 0.007407
3 0.384635 0.301852 0.004687 0.009259
3 0.433594 0.311111 0.013021 0.011111
3 0.539583 0.325000 0.003125 0.003704
3 0.599740 0.325463 0.003646 0.004630
3 0.810937 0.331481 0.017708 0.016667
3 0.545573 0.333333 0.002604 0.003704
3 0.680729 0.339815 0.011458 0.009259
3 0.483594 0.381019 0.026562 0.036111
3 0.641146 0.380556 0.006250 0.007407
3 0.530469 0.401852 0.004687 0.007407
3 0.654427 0.417593 0.032813 0.031481
3 0.466667 0.410185 0.003125 0.003704
3 0.513021 0.414352 0.012500 0.012037
3 0.730208 0.427315 0.014583 0.006481
3 0.591927 0.432870 0.010937 0.008333
3 0.591146 0.468519 0.003125 0.005556
3 0.510677 0.474537 0.010937 0.012037
3 0.778125 0.544444 0.006250 0.003704
3 0.700781 0.585648 0.005729 0.010185
3 0.279948 0.689352 0.002604 0.002778
