3 0.388281 0.014815 0.003646 0.001852
3 0.613542 0.094907 0.005208 0.006481
3 0.357292 0.140278 0.004167 0.006481
3 0.645312 0.153704 0.005208 0.007407
3 0.503646 0.153241 0.003125 0.002778
3 0.672917 0.156944 0.004167 0.002778
3 0.585156 0.168981 0.005729 0.008333
3 0.480729 0.185185 0.002083 0.001852
3 0.239063 0.187963 0.005208 0.003704
3 0.452604 0.191204 0.004167 0.004630
3 0.916406 0.202315 0.002604 0.002778
3 0.557031 0.244444 0.004687 0.003704
3 0.713021 0.247685 0.005208 0.006481
3 0.438021 0.308333 0.002083 0.001852
3 0.656771 0.317593 0.005208 0.003704
3 0.430990 0.325463 0.009896 0.004630
3 0.610417 0.328241 0.011458 0.004630
3 0.557813 0.330093 0.002083 0.002778
3 0.522396 0.331481 0.002083 0.003704
3 0.536198 0.333796 0.002604 0.002778
3 0.712240 0.342593 0.014063 0.011111
3 0.536198 0.363889 0.008854 0.009259
3 0.261458 0.391667 0.002083 0.001852
3 0.603646 0.419907 0.019792 0.028704
3 0.591667 0.410185 0.004167 0.005556
3 0.662240 0.412037 0.004687 0.005556
3 0.482812 0.431944 0.019792 0.023148
3 0.656510 0.440741 0.009896 0.005556
3 0.503646 0.450926 0.009375 0.009259
3 0.516406 0.543519 0.007812 0.007407
