3 0.573698 0.056944 0.007812 0.012037
3 0.152604 0.086111 0.002083 0.003704
3 0.220573 0.141204 0.019271 0.021296
3 0.129688 0.139352 0.006250 0.010185
3 0.656771 0.166667 0.008333 0.011111
3 0.205469 0.172222 0.003646 0.003704
3 0.358073 0.199074 0.003646 0.005556
3 0.307812 0.221296 0.003125 0.003704
3 0.314323 0.270833 0.043229 0.056481
3 0.431250 0.253241 0.004167 0.006481
3 0.611198 0.277778 0.007812 0.007407
3 0.272656 0.286574 0.004687 0.006481
3 0.244792 0.294444 0.004167 0.003704
3 0.512240 0.307870 0.004687 0.004630
3 0.407552 0.311111 0.005729 0.007407
3 0.544531 0.317130 0.015104 0.013889
3 0.345833 0.325000 0.000000 0.000000
3 0.355469 0.337500 0.018229 0.023148
3 0.688281 0.352778 0.023438 0.020370
3 0.536198 0.405093 0.042188 0.043519
3 0.359375 0.387037 0.003125 0.005556
3 0.419010 0.399537 0.014063 0.013889
3 0.423958 0.399074 0.000000 0.000000
3 0.629948 0.440741 0.020313 0.011111
3 0.397656 0.466204 0.019271 0.019444
3 0.544010 0.514815 0.005729 0.003704
3 0.445573 0.520370 0.005729 0.009259
