3 0.174479 0.144907 0.107292 0.106481
3 0.935677 0.106481 0.018229 0.024074
3 0.743490 0.178241 0.040104 0.032407
3 0.660677 0.231019 0.074479 0.108333
3 0.536458 0.209722 0.008333 0.012037
3 0.880208 0.227778 0.044792 0.037037
3 0.266667 0.235648 0.035417 0.028704
3 0.402604 0.234259 0.008333 0.011111
3 0.544010 0.482407 0.028646 0.020370
3 0.504427 0.494907 0.004687 0.008333
3 0.339583 0.502315 0.003125 0.004630
3 0.243229 0.514352 0.009375 0.015741
3 0.976823 0.533796 0.010937 0.010185
3 0.684375 0.545833 0.012500 0.015741
3 0.326823 0.561574 0.006771 0.008333
3 0.440885 0.621759 0.006771 0.004630
3 0.580729 0.699074 0.006250 0.011111
3 0.508333 0.701389 0.008333 0.013889
3 0.982031 0.785185 0.015104 0.007407
3 0.809635 0.943519 0.011979 0.020370
