3 0.888542 0.005093 0.014583 0.010185
3 0.895573 0.039815 0.013021 0.018519
3 0.288802 0.046759 0.003646 0.008333
3 0.782552 0.085185 0.004687 0.011111
3 0.035417 0.166204 0.010417 0.015741
3 0.731510 0.250000 0.018229 0.027778
3 0.972656 0.270370 0.046354 0.064815
3 0.903906 0.262500 0.021354 0.030556
3 0.439583 0.315741 0.011458 0.018519
3 0.415365 0.334722 0.003646 0.010185
3 0.915625 0.346759 0.011458 0.015741
3 0.436458 0.582870 0.009375 0.013889
3 0.440625 0.730556 0.011458 0.016667
3 0.677083 0.756481 0.010417 0.012963
