3 0.583594 0.002315 0.001563 0.004630
3 0.737760 0.047685 0.008854 0.012037
3 0.094792 0.052315 0.003125 0.004630
3 0.558073 0.093981 0.016146 0.021296
3 0.201563 0.098148 0.007292 0.012963
3 0.955469 0.118519 0.005729 0.011111
3 0.794531 0.141204 0.007812 0.012037
3 0.691146 0.200926 0.036458 0.044444
3 0.111979 0.196296 0.005208 0.007407
3 0.613281 0.196296 0.003646 0.005556
3 0.412240 0.254167 0.002604 0.004630
3 0.713281 0.265278 0.011979 0.023148
3 0.686198 0.263889 0.003646 0.007407
3 0.859115 0.273148 0.007812 0.011111
3 0.428385 0.288426 0.002604 0.004630
3 0.821094 0.306481 0.010937 0.016667
3 0.286198 0.348148 0.006771 0.009259
3 0.791406 0.353704 0.020313 0.020370
3 0.831510 0.354630 0.007812 0.009259
3 0.816927 0.388426 0.043229 0.041667
3 0.530729 0.392130 0.007292 0.010185
3 0.665365 0.407870 0.014063 0.013889
3 0.913281 0.425926 0.021354 0.024074
3 0.886979 0.450926 0.018750 0.016667
3 0.496354 0.446759 0.003125 0.006481
3 0.587760 0.473148 0.005729 0.007407
3 0.701823 0.648148 0.006771 0.005556
3 0.558854 0.658796 0.007292 0.012037
