3 0.427865 0.003704 0.005729 0.007407
3 0.656510 0.003241 0.001563 0.002778
3 0.430729 0.003704 0.000000 0.000000
3 0.431250 0.004630 0.000000 0.000000
3 0.203906 0.037963 0.004687 0.005556
3 0.368750 0.106019 0.006250 0.010185
3 0.931771 0.143981 0.004167 0.006481
3 0.894010 0.156481 0.007812 0.011111
3 0.867708 0.225000 0.007292 0.009259
3 0.882292 0.238889 0.007292 0.009259
3 0.530990 0.245370 0.001563 0.003704
3 0.389844 0.274074 0.005729 0.007407
3 0.759375 0.300926 0.013542 0.012963
3 0.589583 0.346296 0.002083 0.003704
3 0.616667 0.357407 0.004167 0.005556
3 0.605990 0.369907 0.005729 0.006481
3 0.805208 0.370370 0.002083 0.003704
3 0.891667 0.375000 0.006250 0.007407
3 0.824219 0.399537 0.002604 0.004630
3 0.852865 0.412500 0.011979 0.010185
3 0.760677 0.427778 0.008854 0.012963
3 0.876302 0.438889 0.030729 0.035185
3 0.087760 0.436574 0.002604 0.004630
3 0.608854 0.441204 0.002083 0.004630
3 0.934635 0.472685 0.014063 0.013889
3 0.897917 0.492130 0.034375 0.043519
3 0.931250 0.549074 0.012500 0.007407
3 0.614844 0.587500 0.004687 0.008333
3 0.741406 0.601389 0.004687 0.004630
