3 0.805208 0.039815 0.017708 0.018519
3 0.545312 0.278241 0.021875 0.023148
3 0.898177 0.331019 0.049479 0.023148
3 0.187500 0.384259 0.047917 0.031481
3 0.511719 0.466204 0.041146 0.043519
3 0.740104 0.458333 0.012500 0.016667
3 0.391146 0.508333 0.010417 0.014815
3 0.396875 0.500926 0.000000 0.000000
3 0.962500 0.578241 0.073958 0.137963
3 0.994271 0.520370 0.010417 0.012963
3 0.999479 0.540278 0.000000 0.004630
3 0.999479 0.546296 0.000000 0.000000
3 0.999479 0.554630 0.000000 0.011111
3 0.324219 0.670370 0.010937 0.018519
3 0.559115 0.762500 0.104688 0.119444
3 0.632292 0.843056 0.043750 0.049074
