3 0.420052 0.001852 0.007812 0.003704
3 0.916927 0.026852 0.011979 0.009259
3 0.589323 0.135185 0.025521 0.016667
3 0.672656 0.171296 0.041146 0.037037
3 0.649219 0.161111 0.004687 0.003704
3 0.592448 0.193519 0.017188 0.022222
3 0.823958 0.231481 0.004167 0.007407
3 0.352344 0.244444 0.018229 0.009259
3 0.602083 0.248148 0.016667 0.011111
3 0.500000 0.282870 0.040625 0.076852
3 0.471354 0.258796 0.005208 0.006481
3 0.450521 0.278241 0.006250 0.006481
3 0.831771 0.287037 0.003125 0.003704
3 0.287500 0.422222 0.042708 0.050000
3 0.530729 0.424537 0.026042 0.019444
3 0.303906 0.452315 0.021354 0.021296
3 0.981250 0.521759 0.015625 0.015741
