3 0.707031 0.007407 0.001563 0.001852
3 0.472135 0.114815 0.008854 0.012963
3 0.762240 0.119907 0.006771 0.006481
3 0.602865 0.126389 0.002604 0.002778
3 0.585677 0.171296 0.007812 0.012963
3 0.478125 0.195833 0.007292 0.010185
3 0.691146 0.208333 0.002083 0.003704
3 0.421354 0.226389 0.010417 0.010185
3 0.196875 0.240278 0.004167 0.002778
3 0.550781 0.268981 0.008854 0.017593
3 0.483854 0.278241 0.003125 0.002778
3 0.550781 0.321759 0.015104 0.017593
3 0.513802 0.329630 0.002604 0.003704
3 0.623698 0.348611 0.007812 0.012037
3 0.811198 0.351389 0.006771 0.008333
3 0.386198 0.385185 0.022396 0.035185
3 0.498437 0.427315 0.028125 0.039815
3 0.398698 0.418056 0.010937 0.015741
3 0.592708 0.422685 0.008333 0.006481
3 0.595313 0.468519 0.020833 0.025926
3 0.213021 0.481481 0.009375 0.009259
3 0.767969 0.487500 0.007812 0.010185
3 0.522135 0.523611 0.013021 0.017593
3 0.198177 0.703241 0.020313 0.026852
3 0.279687 0.789352 0.006250 0.004630
