3 0.615104 0.024537 0.015625 0.010185
3 0.194531 0.114352 0.013021 0.017593
3 0.769271 0.230556 0.008333 0.009259
3 0.061458 0.277778 0.003125 0.003704
3 0.205208 0.309722 0.030208 0.017593
3 0.686979 0.346296 0.005208 0.003704
3 0.662240 0.376389 0.003646 0.010185
3 0.392969 0.387037 0.017188 0.025926
3 0.251302 0.422685 0.004687 0.006481
3 0.138021 0.475463 0.050000 0.071296
3 0.372656 0.448611 0.003646 0.006481
3 0.394531 0.455093 0.017188 0.008333
3 0.047656 0.572222 0.027604 0.014815
3 0.246615 0.612500 0.038021 0.041667
3 0.643229 0.604630 0.017708 0.025926
3 0.227344 0.636111 0.013021 0.016667
3 0.173698 0.770833 0.008854 0.010185
