3 0.390365 0.009722 0.001563 0.002778
3 0.315885 0.013426 0.001563 0.002778
3 0.586198 0.129630 0.003646 0.007407
3 0.318750 0.129630 0.004167 0.005556
3 0.358333 0.154630 0.002083 0.001852
3 0.442969 0.163426 0.001563 0.002778
3 0.265885 0.168981 0.004687 0.006481
3 0.292448 0.201389 0.002604 0.004630
3 0.191927 0.237037 0.002604 0.005556
3 0.389844 0.291204 0.005729 0.008333
3 0.247135 0.301852 0.004687 0.007407
3 0.395313 0.311111 0.001042 0.001852
3 0.351562 0.338426 0.007292 0.010185
3 0.381771 0.340741 0.003125 0.005556
3 0.428385 0.341667 0.001563 0.001852
3 0.368750 0.347222 0.003125 0.005556
3 0.467187 0.353241 0.006250 0.008333
3 0.296094 0.352778 0.003646 0.005556
3 0.330729 0.357407 0.003125 0.005556
3 0.386719 0.370833 0.001563 0.000926
3 0.291406 0.391667 0.006771 0.011111
3 0.358854 0.399537 0.015625 0.021296
3 0.304948 0.409722 0.003646 0.004630
3 0.332552 0.432870 0.006771 0.008333
3 0.440885 0.441667 0.011979 0.022222
3 0.430208 0.450000 0.006250 0.009259
3 0.456250 0.488889 0.001042 0.001852
3 0.261979 0.552778 0.002083 0.003704
3 0.504948 0.581944 0.003646 0.004630
3 0.294271 0.586111 0.001042 0.001852
3 0.251042 0.798611 0.003125 0.002778
