3 0.253385 0.024074 0.002604 0.001852
3 0.331771 0.174074 0.004167 0.005556
3 0.197135 0.184722 0.005729 0.006481
3 0.125781 0.235185 0.009896 0.009259
3 0.156250 0.238426 0.006250 0.008333
3 0.122135 0.236111 0.000521 0.000000
3 0.204427 0.263426 0.005729 0.008333
3 0.424740 0.277778 0.002604 0.001852
3 0.335677 0.315278 0.001563 0.000926
3 0.129948 0.330093 0.005729 0.006481
3 0.123698 0.403241 0.005729 0.004630
3 0.432031 0.415278 0.003646 0.002778
3 0.173698 0.421296 0.013021 0.011111
3 0.034115 0.425463 0.003646 0.002778
3 0.182292 0.428704 0.002083 0.003704
3 0.227083 0.432407 0.003125 0.003704
3 0.249740 0.436574 0.010937 0.004630
3 0.144010 0.469444 0.007812 0.011111
3 0.225521 0.505556 0.014583 0.025926
3 0.228646 0.497222 0.000000 0.000000
3 0.215625 0.516667 0.008333 0.003704
3 0.305208 0.531481 0.020833 0.024074
3 0.295052 0.548611 0.009896 0.008333
3 0.373437 0.610185 0.007292 0.007407
