3 0.922396 0.081019 0.032292 0.034259
3 0.628646 0.095833 0.014583 0.023148
3 0.203385 0.126852 0.007812 0.009259
3 0.117969 0.234722 0.017188 0.013889
3 0.654167 0.298148 0.010417 0.012963
3 0.644792 0.441667 0.012500 0.009259
3 0.648438 0.438889 0.000000 0.000000
3 0.680729 0.493981 0.023958 0.025000
3 0.624479 0.506481 0.030208 0.024074
3 0.203385 0.578241 0.010937 0.013889
3 0.396615 0.602778 0.007812 0.011111
3 0.394271 0.696759 0.035417 0.069444
3 0.638281 0.681944 0.006771 0.015741
3 0.635417 0.688889 0.000000 0.000000
3 0.753385 0.789352 0.060937 0.110185
3 0.667448 0.761574 0.024479 0.032407
