3 0.984115 0.008796 0.011979 0.017593
3 0.952865 0.140278 0.011979 0.017593
3 0.530729 0.166667 0.006250 0.005556
3 0.337760 0.171759 0.008854 0.012037
3 0.963802 0.204167 0.027604 0.025000
3 0.437760 0.204167 0.010937 0.013889
3 0.979688 0.338889 0.006250 0.005556
3 0.485417 0.351852 0.003125 0.009259
3 0.923177 0.384722 0.003646 0.008333
3 0.935677 0.387500 0.010937 0.013889
3 0.929688 0.382407 0.000000 0.000000
3 0.840625 0.463426 0.011458 0.028704
3 0.954167 0.466667 0.020833 0.016667
3 0.894010 0.466204 0.010937 0.006481
3 0.846875 0.475926 0.000000 0.000000
3 0.404948 0.619444 0.010937 0.014815
3 0.626563 0.689352 0.009375 0.010185
