3 0.869531 0.041204 0.009896 0.015741
3 0.443750 0.044444 0.010417 0.012963
3 0.299740 0.060648 0.007812 0.012037
3 0.841667 0.086111 0.005208 0.005556
3 0.471354 0.155093 0.003125 0.008333
3 0.870313 0.206481 0.003125 0.007407
3 0.854427 0.237500 0.009896 0.013889
3 0.842187 0.324074 0.010417 0.007407
3 0.812500 0.340278 0.011458 0.025000
3 0.901823 0.352315 0.014063 0.019444
3 0.396615 0.419907 0.009896 0.012037
3 0.987240 0.486574 0.024479 0.049074
3 0.933073 0.478704 0.022396 0.024074
3 0.999219 0.481944 0.000521 0.000926
3 0.583333 0.517593 0.008333 0.009259
3 0.588021 0.522222 0.000000 0.000000
3 0.993490 0.566204 0.011979 0.010185
3 0.999479 0.574074 0.000000 0.000000
