3 0.904427 0.054630 0.010937 0.016667
3 0.207813 0.066667 0.004167 0.005556
3 0.545312 0.088426 0.012500 0.021296
3 0.962760 0.111111 0.008854 0.011111
3 0.563802 0.153241 0.002604 0.006481
3 0.900000 0.161574 0.004167 0.004630
3 0.537500 0.198611 0.005208 0.006481
3 0.452865 0.208333 0.014063 0.018519
3 0.461719 0.260185 0.040104 0.055556
3 0.620313 0.253704 0.009375 0.022222
3 0.789323 0.272685 0.004687 0.004630
3 0.520312 0.323148 0.015625 0.014815
3 0.681510 0.337963 0.006771 0.007407
3 0.416667 0.414352 0.034375 0.039815
3 0.289844 0.554630 0.014063 0.012963
