3 0.045573 0.078241 0.009896 0.012037
3 0.334635 0.081019 0.015104 0.017593
3 0.330990 0.073148 0.000521 0.000000
3 0.033854 0.079630 0.000000 0.000000
3 0.333854 0.125463 0.006250 0.006481
3 0.301823 0.130093 0.003646 0.004630
3 0.839844 0.148148 0.009896 0.011111
3 0.772396 0.205093 0.009375 0.012037
3 0.833594 0.270370 0.010937 0.012963
3 0.398177 0.287037 0.007812 0.007407
3 0.773958 0.330556 0.008333 0.009259
3 0.444531 0.427778 0.004687 0.003704
3 0.753385 0.438889 0.008854 0.005556
3 0.422396 0.456944 0.002083 0.006481
3 0.759896 0.477778 0.015625 0.009259
3 0.812760 0.496759 0.017188 0.017593
3 0.750781 0.505093 0.002604 0.004630
3 0.751563 0.512500 0.004167 0.006481
3 0.767448 0.523611 0.021354 0.010185
3 0.667708 0.530556 0.008333 0.018519
3 0.389844 0.554630 0.007812 0.011111
3 0.549219 0.587500 0.006771 0.008333
3 0.825000 0.629630 0.029167 0.046296
3 0.835938 0.657870 0.011458 0.010185
3 0.898177 0.725000 0.044271 0.044444
3 0.889583 0.748148 0.016667 0.020370
