3 0.173698 0.000000 0.003646 0.000000
3 0.038021 0.023611 0.012500 0.019444
3 0.641927 0.086111 0.005729 0.005556
3 0.222656 0.122685 0.007812 0.008333
3 0.181250 0.147685 0.014583 0.023148
3 0.044010 0.383796 0.028646 0.015741
3 0.124740 0.482407 0.046354 0.066667
3 0.141146 0.475000 0.000000 0.000000
3 0.199479 0.517130 0.007292 0.010185
3 0.070312 0.550000 0.023958 0.012963
3 0.104427 0.567593 0.026562 0.027778
3 0.476302 0.614352 0.028646 0.019444
3 0.916667 0.621759 0.025000 0.012037
3 0.435677 0.670833 0.046354 0.060185
3 0.308333 0.648611 0.008333 0.010185
3 0.399479 0.693519 0.022917 0.016667
3 0.721094 0.789815 0.015104 0.020370
3 0.126042 0.801389 0.009375 0.010185
