3 0.855208 0.090741 0.020833 0.016667
3 0.941146 0.143981 0.011458 0.006481
3 0.384115 0.246759 0.010937 0.012037
3 0.826823 0.268981 0.010937 0.015741
3 0.894271 0.284722 0.020833 0.028704
3 0.278385 0.326389 0.004687 0.008333
3 0.950521 0.337963 0.013542 0.018519
3 0.569792 0.361574 0.009375 0.013889
3 0.373958 0.420833 0.010417 0.015741
3 0.834375 0.452315 0.017708 0.026852
3 0.918229 0.553704 0.013542 0.022222
3 0.440625 0.549537 0.003125 0.006481
3 0.830208 0.574074 0.003125 0.009259
3 0.912240 0.608796 0.032813 0.056481
3 0.037500 0.593056 0.014583 0.019444
3 0.733594 0.641667 0.009896 0.031481
3 0.823958 0.681944 0.005208 0.010185
3 0.480208 0.752315 0.006250 0.008333
3 0.856250 0.911111 0.022917 0.029630
3 0.980469 0.942130 0.038021 0.058333
