3 0.305469 0.041667 0.035937 0.066667
3 0.646354 0.075000 0.013542 0.022222
3 0.286979 0.106019 0.019792 0.032407
3 0.150781 0.099537 0.008854 0.013889
3 0.104948 0.103704 0.004687 0.005556
3 0.498958 0.129630 0.004167 0.005556
3 0.043229 0.146296 0.007292 0.012963
3 0.054167 0.184259 0.019792 0.033333
3 0.175000 0.179167 0.009375 0.015741
3 0.060156 0.238889 0.009896 0.018519
3 0.127083 0.275926 0.030208 0.074074
3 0.004167 0.396759 0.008333 0.015741
3 0.100781 0.442130 0.018229 0.034259
3 0.035417 0.449074 0.010417 0.014815
3 0.028646 0.491667 0.023958 0.040741
3 0.324479 0.895833 0.004167 0.004630
3 0.307292 0.916204 0.007292 0.012037
