3 0.730469 0.048148 0.009896 0.011111
3 0.810156 0.067130 0.010937 0.015741
3 0.853125 0.117593 0.011458 0.014815
3 0.643490 0.170370 0.011979 0.018519
3 0.406771 0.199074 0.004167 0.005556
3 0.250000 0.243056 0.004167 0.004630
3 0.546354 0.252315 0.009375 0.012037
3 0.861719 0.271759 0.027604 0.032407
3 0.656771 0.277778 0.020833 0.024074
3 0.491927 0.320833 0.017188 0.025000
3 0.714583 0.322222 0.009375 0.014815
3 0.840625 0.329167 0.011458 0.012037
3 0.689583 0.442130 0.042708 0.067593
3 0.590885 0.418519 0.004687 0.005556
3 0.445312 0.455556 0.004167 0.007407
3 0.772396 0.509259 0.021875 0.022222
3 0.362500 0.530556 0.019792 0.022222
3 0.681771 0.580093 0.005208 0.008333
3 0.521354 0.724074 0.042708 0.061111
3 0.551042 0.731944 0.017708 0.030556
