3 0.103646 0.017130 0.005208 0.006481
3 0.710417 0.075926 0.014583 0.020370
3 0.484375 0.158333 0.013542 0.022222
3 0.476042 0.156019 0.001042 0.000926
3 0.375260 0.197222 0.011979 0.009259
3 0.783333 0.222685 0.014583 0.017593
3 0.416927 0.280093 0.008854 0.008333
3 0.025521 0.387037 0.006250 0.005556
3 0.523438 0.395370 0.028125 0.020370
3 0.797396 0.427778 0.036458 0.033333
3 0.250781 0.436574 0.005729 0.008333
3 0.313542 0.456019 0.022917 0.028704
3 0.766146 0.480093 0.014583 0.012037
3 0.420833 0.523148 0.007292 0.007407
3 0.553125 0.581019 0.054167 0.086111
3 0.226042 0.555556 0.006250 0.009259
3 0.088021 0.565278 0.027083 0.015741
3 0.445312 0.595833 0.011458 0.015741
3 0.643750 0.643519 0.012500 0.014815
3 0.670573 0.695833 0.028646 0.021296
3 0.283333 0.827315 0.057292 0.073148
3 0.328906 0.856019 0.025521 0.032407
