3 0.607031 0.041667 0.002604 0.003704
3 0.568229 0.111574 0.001042 0.002778
3 0.834896 0.116667 0.004167 0.007407
3 0.642969 0.158796 0.004687 0.008333
3 0.949479 0.160185 0.002083 0.003704
3 0.242448 0.201852 0.004687 0.005556
3 0.276302 0.220833 0.001563 0.002778
3 0.687500 0.224074 0.005208 0.007407
3 0.603646 0.227778 0.005208 0.007407
3 0.317708 0.287037 0.004167 0.007407
3 0.301042 0.290741 0.003125 0.003704
3 0.469271 0.308796 0.009375 0.010185
3 0.706510 0.312963 0.005729 0.007407
3 0.513281 0.336111 0.007812 0.011111
3 0.444010 0.333796 0.001563 0.002778
3 0.616146 0.346296 0.011458 0.005556
3 0.540625 0.360185 0.020833 0.025926
3 0.582552 0.352778 0.002604 0.003704
3 0.509896 0.360648 0.002083 0.002778
3 0.631771 0.375926 0.022917 0.024074
3 0.717187 0.372685 0.013542 0.010185
3 0.536979 0.375000 0.008333 0.009259
3 0.708333 0.376389 0.005208 0.004630
3 0.554688 0.381481 0.008333 0.011111
3 0.421875 0.386574 0.002083 0.002778
3 0.548438 0.400926 0.005208 0.005556
3 0.396094 0.401852 0.003646 0.005556
3 0.611979 0.412500 0.004167 0.004630
3 0.671875 0.423148 0.010417 0.005556
3 0.501563 0.465741 0.002083 0.003704
3 0.656250 0.557870 0.004167 0.002778
3 0.161719 0.573611 0.001563 0.002778
3 0.572656 0.580556 0.004687 0.007407
