3 0.317708 0.002315 0.003125 0.004630
3 0.518229 0.000000 0.001042 0.000000
3 0.393229 0.065741 0.003125 0.005556
3 0.610156 0.146296 0.001563 0.001852
3 0.537240 0.157407 0.003646 0.005556
3 0.693229 0.158333 0.003125 0.005556
3 0.526563 0.181944 0.004167 0.006481
3 0.897917 0.211111 0.002083 0.003704
3 0.450000 0.249074 0.004167 0.007407
3 0.565104 0.250926 0.001042 0.001852
3 0.435417 0.268056 0.003125 0.004630
3 0.411198 0.279630 0.003646 0.005556
3 0.461198 0.285185 0.000521 0.001852
3 0.598958 0.307407 0.001042 0.001852
3 0.439323 0.309259 0.002604 0.003704
3 0.409115 0.318519 0.003646 0.005556
3 0.401302 0.324074 0.008854 0.012963
3 0.254948 0.330556 0.002604 0.003704
3 0.464583 0.343056 0.007292 0.010185
3 0.515104 0.355556 0.005208 0.009259
3 0.656771 0.374537 0.002083 0.004630
3 0.483854 0.381944 0.001042 0.000926
3 0.454167 0.401852 0.012500 0.018519
3 0.513542 0.397222 0.001042 0.001852
3 0.428646 0.406944 0.006250 0.008333
3 0.293750 0.408796 0.001042 0.000926
3 0.537500 0.435648 0.005208 0.006481
3 0.455208 0.470370 0.001042 0.001852
3 0.496094 0.486574 0.014063 0.015741
3 0.172396 0.540741 0.003125 0.001852
3 0.494531 0.610185 0.002604 0.003704
