3 0.515625 0.098148 0.017708 0.022222
3 0.953646 0.127315 0.011458 0.013889
3 0.970833 0.126852 0.006250 0.005556
3 0.402083 0.144444 0.014583 0.022222
3 0.966406 0.214352 0.015104 0.010185
3 0.971354 0.212037 0.000000 0.000000
3 0.486719 0.336574 0.038021 0.039815
3 0.566667 0.349074 0.009375 0.009259
3 0.516146 0.370833 0.023958 0.019444
3 0.461198 0.394444 0.018229 0.014815
3 0.587760 0.475926 0.014063 0.024074
3 0.732552 0.470370 0.005729 0.003704
3 0.441927 0.495370 0.004687 0.007407
3 0.401562 0.539815 0.057292 0.075926
3 0.896875 0.506481 0.005208 0.009259
3 0.475781 0.540278 0.005729 0.008333
3 0.389062 0.549074 0.000000 0.000000
3 0.407292 0.641667 0.022917 0.016667
3 0.269271 0.713426 0.047917 0.047222
3 0.919271 0.700000 0.015625 0.016667
3 0.276302 0.739352 0.019271 0.019444
3 0.286458 0.729630 0.000000 0.000000
