3 0.685417 0.003241 0.002083 0.002778
3 0.438802 0.073611 0.007812 0.012037
3 0.466927 0.099074 0.002604 0.001852
3 0.691667 0.099074 0.001042 0.001852
3 0.754687 0.104630 0.003125 0.001852
3 0.843490 0.206019 0.004687 0.002778
3 0.506510 0.237037 0.004687 0.005556
3 0.599219 0.247685 0.003646 0.004630
3 0.703385 0.262500 0.003646 0.004630
3 0.553385 0.267593 0.004687 0.007407
3 0.636198 0.273148 0.001563 0.001852
3 0.513542 0.300463 0.004167 0.006481
3 0.463542 0.311111 0.003125 0.003704
3 0.597135 0.320833 0.004687 0.006481
3 0.667708 0.321759 0.004167 0.002778
3 0.332813 0.325463 0.002083 0.000926
3 0.423438 0.341667 0.003125 0.001852
3 0.560156 0.379167 0.001563 0.000926
3 0.554167 0.382407 0.008333 0.005556
3 0.591146 0.398148 0.012500 0.011111
3 0.547396 0.400926 0.006250 0.007407
3 0.629427 0.404167 0.001563 0.002778
3 0.578646 0.406944 0.005208 0.002778
3 0.458073 0.411111 0.006771 0.003704
3 0.516667 0.413889 0.002083 0.001852
3 0.503646 0.415741 0.002083 0.001852
3 0.621354 0.425463 0.001042 0.000926
3 0.524219 0.439352 0.015104 0.026852
3 0.707812 0.473148 0.004167 0.005556
3 0.441406 0.480093 0.014063 0.017593
3 0.541927 0.480556 0.007812 0.005556
3 0.449740 0.491667 0.007812 0.007407
3 0.689844 0.491204 0.004687 0.004630
3 0.312240 0.560648 0.005729 0.004630
3 0.201042 0.660648 0.011458 0.010185
