3 0.589323 0.023611 0.009896 0.008333
3 0.502865 0.089815 0.005729 0.003704
3 0.212500 0.112500 0.011458 0.015741
3 0.146094 0.168981 0.031771 0.021296
3 0.323437 0.219444 0.027083 0.033333
3 0.319271 0.222222 0.000000 0.000000
3 0.631250 0.252778 0.026042 0.012963
3 0.421354 0.260648 0.006250 0.008333
3 0.266667 0.268981 0.007292 0.008333
3 0.189844 0.393056 0.064062 0.076852
3 0.506510 0.503241 0.045312 0.054630
3 0.077083 0.487963 0.027083 0.014815
3 0.460938 0.540741 0.022917 0.022222
3 0.695052 0.711574 0.015104 0.012037
