3 0.881771 0.007870 0.013542 0.015741
3 0.316406 0.106944 0.013021 0.015741
3 0.571875 0.174537 0.052083 0.023148
3 0.920573 0.257870 0.047396 0.039815
3 0.242448 0.267130 0.038021 0.041667
3 0.928125 0.329630 0.022917 0.014815
3 0.449740 0.342130 0.013021 0.017593
3 0.178385 0.342593 0.007812 0.011111
3 0.682031 0.427778 0.110937 0.131481
3 0.040625 0.420833 0.015625 0.019444
3 0.387500 0.535648 0.010417 0.015741
3 0.604427 0.577778 0.011979 0.016667
3 0.825521 0.621759 0.045833 0.034259
3 0.090365 0.998148 0.025521 0.001852
