3 0.227604 0.155093 0.006250 0.008333
3 0.696354 0.154630 0.004167 0.005556
3 0.401562 0.182870 0.002083 0.002778
3 0.752604 0.200926 0.006250 0.009259
3 0.738802 0.265741 0.006771 0.007407
3 0.722917 0.270833 0.006250 0.008333
3 0.417708 0.272222 0.004167 0.005556
3 0.450521 0.312500 0.005208 0.006481
3 0.497917 0.328241 0.003125 0.002778
3 0.705208 0.357407 0.014583 0.011111
3 0.708073 0.388426 0.005729 0.006481
3 0.472917 0.403241 0.002083 0.004630
3 0.722917 0.413426 0.003125 0.002778
3 0.696615 0.424074 0.001563 0.003704
3 0.987500 0.431481 0.003125 0.001852
3 0.708333 0.437037 0.010417 0.007407
3 0.644010 0.445833 0.005729 0.013889
3 0.684115 0.443056 0.005729 0.002778
3 0.744792 0.485185 0.011458 0.012963
3 0.798438 0.517130 0.030208 0.032407
3 0.756250 0.532407 0.019792 0.033333
3 0.436198 0.524074 0.004687 0.007407
3 0.793750 0.547685 0.011458 0.013889
3 0.553906 0.549074 0.004687 0.005556
3 0.762500 0.570833 0.008333 0.006481
3 0.910937 0.661574 0.012500 0.010185
3 0.917708 0.662037 0.000000 0.000000
