3 0.164583 0.041667 0.008333 0.012963
3 0.399219 0.077315 0.003646 0.004630
3 0.842187 0.095833 0.020833 0.026852
3 0.873958 0.124074 0.009375 0.014815
3 0.518750 0.137500 0.005208 0.004630
3 0.916406 0.145370 0.009896 0.012963
3 0.856250 0.250000 0.009375 0.014815
3 0.818750 0.280093 0.006250 0.008333
3 0.868490 0.284259 0.004687 0.005556
3 0.465365 0.299537 0.008854 0.012037
3 0.982812 0.333796 0.033333 0.056481
3 0.999479 0.310648 0.000000 0.000926
3 0.828385 0.349074 0.002604 0.007407
3 0.494010 0.357407 0.002604 0.007407
3 0.404948 0.386574 0.005729 0.010185
3 0.763281 0.397222 0.009896 0.024074
3 0.984375 0.409722 0.017708 0.028704
3 0.858333 0.444907 0.017708 0.017593
3 0.851302 0.465741 0.008854 0.011111
3 0.816667 0.493056 0.009375 0.008333
3 0.935156 0.542130 0.033854 0.049074
3 0.914323 0.589815 0.018229 0.022222
3 0.438021 0.620833 0.008333 0.012037
3 0.950260 0.643056 0.013021 0.015741
3 0.944271 0.643519 0.000000 0.000000
3 0.611979 0.693519 0.007292 0.007407
