3 0.350000 0.001852 0.004167 0.003704
3 0.353646 0.000000 0.001042 0.000000
3 0.356250 0.001852 0.003125 0.003704
3 0.373177 0.033333 0.013021 0.018519
3 0.319271 0.074537 0.025000 0.043519
3 0.226562 0.116667 0.011458 0.018519
3 0.679688 0.123148 0.028125 0.025926
3 0.512500 0.180556 0.007292 0.005556
3 0.243229 0.198611 0.028125 0.036111
3 0.097135 0.232870 0.011979 0.017593
3 0.769531 0.275000 0.005729 0.005556
3 0.388021 0.287037 0.006250 0.007407
3 0.310677 0.388426 0.057813 0.076852
3 0.098958 0.403241 0.030208 0.036111
3 0.630990 0.467593 0.047396 0.074074
3 0.156510 0.452778 0.013021 0.007407
3 0.220052 0.475926 0.007812 0.011111
3 0.593490 0.514815 0.023438 0.029630
3 0.245833 0.557870 0.023958 0.026852
3 0.305208 0.662037 0.004167 0.003704
3 0.947917 0.790741 0.016667 0.020370
