3 0.250000 0.005093 0.026042 0.010185
3 0.798177 0.020370 0.010937 0.011111
3 0.711719 0.051389 0.031771 0.013889
3 0.476042 0.050000 0.007292 0.007407
3 0.906510 0.056019 0.015104 0.012037
3 0.214323 0.068519 0.010937 0.014815
3 0.985677 0.090278 0.027604 0.026852
3 0.601302 0.085185 0.007812 0.009259
3 0.549740 0.106481 0.013021 0.014815
3 0.416667 0.183333 0.055208 0.072222
3 0.500260 0.167593 0.024479 0.024074
3 0.218490 0.160185 0.006771 0.007407
3 0.714583 0.214815 0.056250 0.066667
3 0.467708 0.249074 0.025000 0.027778
3 0.349479 0.292130 0.023958 0.025000
3 0.432292 0.293519 0.006250 0.011111
3 0.853906 0.294444 0.029687 0.011111
3 0.844792 0.514352 0.013542 0.008333
3 0.642708 0.558796 0.012500 0.019444
