3 0.093750 0.152778 0.067708 0.059259
3 0.093229 0.134259 0.000000 0.000000
3 0.068750 0.158333 0.000000 0.000000
3 0.478646 0.319444 0.162500 0.283333
3 0.437500 0.351852 0.000000 0.000000
3 0.436198 0.355556 0.000521 0.000000
3 0.437500 0.357870 0.002083 0.002778
3 0.433594 0.359259 0.000521 0.001852
3 0.435417 0.359259 0.000000 0.000000
3 0.434896 0.360185 0.000000 0.000000
3 0.434375 0.361111 0.000000 0.000000
3 0.437500 0.361574 0.001042 0.000926
3 0.433854 0.362037 0.000000 0.000000
3 0.429167 0.364815 0.000000 0.000000
3 0.447396 0.368519 0.000000 0.000000
3 0.446354 0.369444 0.000000 0.000000
3 0.445312 0.370370 0.000000 0.000000
3 0.446354 0.371759 0.000000 0.000926
3 0.445833 0.374537 0.000000 0.000926
3 0.443750 0.379630 0.000000 0.000000
3 0.403125 0.431481 0.000000 0.000000
3 0.401042 0.453704 0.000000 0.000000
3 0.483333 0.734722 0.001042 0.000926
3 0.482031 0.736111 0.000521 0.000000
3 0.480990 0.737037 0.000521 0.000000
3 0.479687 0.738426 0.001042 0.000926
