3 0.376302 0.011111 0.021354 0.022222
3 0.301823 0.065278 0.018229 0.025000
3 0.797917 0.103241 0.000000 0.000926
3 0.672656 0.226852 0.007812 0.005556
3 0.535677 0.280556 0.022396 0.027778
3 0.210417 0.388426 0.028125 0.019444
3 0.909635 0.396759 0.006771 0.012037
3 0.519010 0.412037 0.022396 0.037037
3 0.462240 0.419444 0.035937 0.033333
3 0.517188 0.431019 0.001042 0.000926
3 0.355208 0.450000 0.008333 0.007407
3 0.345573 0.505556 0.006771 0.011111
3 0.494792 0.631481 0.055208 0.057407
3 0.325260 0.662037 0.049479 0.116667
3 0.465104 0.640741 0.023958 0.012963
3 0.083073 0.711111 0.064062 0.079630
3 0.102344 0.774537 0.028646 0.036111
3 0.348438 0.892130 0.033333 0.036111
