3 0.586458 0.017130 0.012500 0.013889
3 0.619792 0.082870 0.011458 0.015741
3 0.363021 0.119907 0.010417 0.006481
3 0.762760 0.213889 0.013021 0.016667
3 0.512760 0.250463 0.014063 0.019444
3 0.271354 0.352315 0.005208 0.006481
3 0.092708 0.356944 0.005208 0.004630
3 0.703385 0.397222 0.013021 0.011111
3 0.441146 0.419907 0.009375 0.012037
3 0.527344 0.452778 0.028646 0.018519
3 0.759896 0.468056 0.032292 0.032407
3 0.343490 0.504167 0.019271 0.028704
3 0.604688 0.505093 0.010417 0.013889
3 0.348438 0.534722 0.005208 0.008333
3 0.435156 0.537500 0.005729 0.006481
3 0.470573 0.569907 0.007812 0.008333
3 0.133333 0.609259 0.023958 0.020370
3 0.548698 0.680093 0.050521 0.075000
3 0.652604 0.733333 0.025000 0.022222
3 0.658333 0.730556 0.000000 0.000000
3 0.300000 0.890741 0.050000 0.072222
3 0.345052 0.914815 0.022396 0.033333
