3 0.822135 0.046759 0.005729 0.010185
3 0.669010 0.090278 0.008854 0.013889
3 0.736198 0.119907 0.001563 0.002778
3 0.781510 0.125463 0.005729 0.010185
3 0.867969 0.125463 0.005729 0.008333
3 0.386979 0.169907 0.005208 0.006481
3 0.631250 0.206481 0.010417 0.014815
3 0.712500 0.223611 0.022917 0.032407
3 0.904687 0.220833 0.006250 0.010185
3 0.730469 0.251389 0.009896 0.012037
3 0.759375 0.258796 0.003125 0.004630
3 0.800521 0.266204 0.010417 0.010185
3 0.817969 0.279167 0.023438 0.025000
3 0.682031 0.273148 0.002604 0.003704
3 0.919010 0.279630 0.016146 0.014815
3 0.902604 0.279167 0.006250 0.008333
3 0.711979 0.316204 0.009375 0.008333
3 0.870052 0.319907 0.013021 0.008333
3 0.467448 0.324537 0.004687 0.008333
3 0.424479 0.330556 0.002083 0.003704
3 0.608854 0.355093 0.002083 0.004630
3 0.584375 0.363889 0.002083 0.003704
3 0.725521 0.398148 0.005208 0.007407
3 0.453646 0.422222 0.004167 0.003704
3 0.674479 0.461574 0.002083 0.004630
3 0.800781 0.464815 0.004687 0.005556
3 0.555208 0.469444 0.004167 0.007407
3 0.858073 0.533333 0.005729 0.003704
3 0.760156 0.597222 0.005729 0.009259
3 0.307031 0.668519 0.002604 0.003704
