3 0.700781 0.008333 0.016146 0.016667
3 0.210938 0.060648 0.012500 0.008333
3 0.801042 0.113426 0.013542 0.017593
3 0.794271 0.108796 0.000000 0.000926
3 0.740885 0.310185 0.014063 0.012963
3 0.735938 0.306481 0.000000 0.000000
3 0.179167 0.332407 0.005208 0.009259
3 0.034115 0.370370 0.005729 0.007407
3 0.274479 0.419444 0.011458 0.016667
3 0.875781 0.478704 0.032813 0.031481
3 0.511719 0.476389 0.010937 0.015741
3 0.551823 0.478704 0.005729 0.007407
3 0.685417 0.500926 0.027083 0.022222
3 0.479427 0.506019 0.006771 0.010185
3 0.338281 0.615278 0.029687 0.025000
3 0.474479 0.620833 0.022917 0.030556
3 0.463542 0.608333 0.000000 0.000000
3 0.740885 0.788426 0.053646 0.076852
3 0.836198 0.775463 0.027604 0.019444
3 0.586979 0.945833 0.061458 0.076852
3 0.618490 0.970370 0.019271 0.038889
