3 0.305208 0.025463 0.018750 0.030556
3 0.276823 0.085185 0.003646 0.003704
3 0.078646 0.162500 0.007292 0.012037
3 0.092708 0.262037 0.014583 0.033333
3 0.209375 0.248148 0.005208 0.005556
3 0.195312 0.275926 0.017708 0.024074
3 0.379427 0.343981 0.035937 0.062037
3 0.551562 0.323148 0.004167 0.005556
3 0.150260 0.356944 0.003646 0.006481
3 0.111198 0.372222 0.008854 0.016667
3 0.357552 0.418981 0.020313 0.032407
3 0.123438 0.451852 0.018750 0.033333
3 0.207552 0.570833 0.043229 0.063889
3 0.041927 0.557870 0.016146 0.015741
3 0.535156 0.586111 0.016146 0.016667
3 0.098958 0.706019 0.023958 0.034259
3 0.176042 0.720370 0.017708 0.027778
3 0.338281 0.908333 0.006771 0.011111
3 0.360938 0.956019 0.003125 0.002778
