3 0.865104 0.033333 0.005208 0.007407
3 0.688542 0.048148 0.002083 0.003704
3 0.543490 0.088426 0.005729 0.008333
3 0.511719 0.099537 0.004687 0.008333
3 0.527604 0.113889 0.012500 0.018519
3 0.448958 0.120370 0.002083 0.003704
3 0.466927 0.131944 0.004687 0.004630
3 0.522396 0.134722 0.006250 0.010185
3 0.680208 0.218519 0.005208 0.009259
3 0.490365 0.228704 0.004687 0.009259
3 0.496875 0.256019 0.008333 0.013889
3 0.533594 0.256481 0.008854 0.014815
3 0.694792 0.256019 0.005208 0.006481
3 0.492969 0.291204 0.018229 0.028704
3 0.311458 0.301389 0.002083 0.002778
3 0.751823 0.324074 0.005729 0.009259
3 0.509896 0.335185 0.002083 0.003704
3 0.703125 0.365278 0.002083 0.002778
3 0.556771 0.373148 0.005208 0.012963
3 0.914844 0.387500 0.003646 0.004630
3 0.678125 0.394907 0.002083 0.002778
3 0.514844 0.411111 0.002604 0.003704
3 0.818490 0.412500 0.004687 0.006481
3 0.833073 0.418056 0.001563 0.002778
3 0.431250 0.455556 0.018750 0.025926
3 0.474479 0.477778 0.008333 0.011111
3 0.623437 0.485185 0.002083 0.003704
3 0.702865 0.491204 0.004687 0.006481
3 0.290365 0.587500 0.006771 0.006481
3 0.542969 0.614815 0.003646 0.003704
3 0.811198 0.819907 0.001563 0.002778
