3 0.305469 0.021296 0.006771 0.005556
3 0.784635 0.043519 0.011979 0.016667
3 0.945312 0.251389 0.013542 0.021296
3 0.930469 0.299537 0.016146 0.015741
3 0.452083 0.298148 0.006250 0.011111
3 0.577083 0.404167 0.007292 0.006481
3 0.237760 0.455556 0.027604 0.027778
3 0.579948 0.525463 0.023438 0.030556
3 0.759375 0.528241 0.028125 0.025000
3 0.999219 0.587500 0.000521 0.000926
3 0.409896 0.707870 0.009375 0.008333
3 0.696615 0.846296 0.050521 0.087037
3 0.359115 0.868981 0.052604 0.089815
3 0.846354 0.887037 0.029167 0.025926
3 0.420052 0.908796 0.026562 0.037963
