3 0.749219 0.020833 0.007812 0.012037
3 0.667708 0.024074 0.002083 0.001852
3 0.505469 0.037963 0.006771 0.009259
3 0.982031 0.099537 0.002604 0.002778
3 0.429688 0.191204 0.006250 0.008333
3 0.598698 0.239815 0.002604 0.003704
3 0.834896 0.245370 0.004167 0.005556
3 0.932813 0.286574 0.006250 0.008333
3 0.197917 0.296759 0.002083 0.004630
3 0.549479 0.338889 0.004167 0.005556
3 0.879427 0.351389 0.005729 0.008333
3 0.948438 0.350926 0.006250 0.007407
3 0.699740 0.366204 0.002604 0.002778
3 0.645052 0.377315 0.005729 0.006481
3 0.921094 0.400926 0.013021 0.011111
3 0.886198 0.447685 0.005729 0.006481
3 0.667969 0.454167 0.001563 0.004630
3 0.896875 0.452778 0.003125 0.001852
3 0.832812 0.475926 0.006250 0.014815
3 0.880729 0.483796 0.009375 0.010185
3 0.888021 0.486111 0.002083 0.003704
3 0.875781 0.512963 0.005729 0.003704
3 0.990885 0.544907 0.017188 0.030556
3 0.905208 0.547685 0.012500 0.013889
3 0.930990 0.567130 0.019271 0.032407
3 0.927865 0.555556 0.000521 0.000000
3 0.989583 0.575000 0.011458 0.012963
3 0.940625 0.572222 0.000000 0.000000
3 0.619792 0.584722 0.005208 0.006481
3 0.931771 0.619907 0.008333 0.008333
3 0.725260 0.627315 0.004687 0.004630
