3 0.096354 0.051389 0.004167 0.006481
3 0.408333 0.092593 0.002083 0.001852
3 0.425521 0.129630 0.002083 0.001852
3 0.180990 0.145370 0.006771 0.011111
3 0.376302 0.157870 0.004687 0.008333
3 0.305990 0.164815 0.004687 0.009259
3 0.361979 0.169444 0.004167 0.009259
3 0.507552 0.175926 0.009896 0.012963
3 0.255469 0.203241 0.004687 0.008333
3 0.394271 0.210185 0.002083 0.001852
3 0.379948 0.244907 0.009896 0.013889
3 0.273438 0.268056 0.005208 0.006481
3 0.339844 0.303704 0.011979 0.012963
3 0.490365 0.341667 0.017188 0.031481
3 0.471615 0.362500 0.008854 0.012037
3 0.272135 0.374074 0.010937 0.014815
3 0.379688 0.393056 0.023958 0.032407
3 0.488021 0.381944 0.002083 0.002778
3 0.336198 0.433333 0.009896 0.011111
3 0.236979 0.488889 0.003125 0.005556
3 0.492188 0.506019 0.006250 0.008333
3 0.278125 0.532407 0.002083 0.001852
3 0.241406 0.833796 0.003646 0.004630
