3 0.881250 0.034722 0.034375 0.039815
3 0.993229 0.037963 0.012500 0.018519
3 0.938542 0.068981 0.010417 0.013889
3 0.414062 0.101852 0.007292 0.007407
3 0.967708 0.117130 0.015625 0.021296
3 0.362240 0.256944 0.013021 0.017593
3 0.902604 0.272222 0.007292 0.007407
3 0.321615 0.306481 0.008854 0.012963
3 0.901563 0.371759 0.004167 0.012037
3 0.886979 0.368519 0.000000 0.000000
3 0.391406 0.381019 0.003646 0.012037
3 0.770833 0.395833 0.015625 0.034259
3 0.950000 0.410185 0.014583 0.016667
3 0.931510 0.430556 0.020313 0.025926
3 0.908333 0.509722 0.013542 0.010185
3 0.915885 0.506481 0.000521 0.000000
3 0.339583 0.742593 0.013542 0.016667
3 0.333854 0.740741 0.000000 0.000000
3 0.607031 0.825000 0.010937 0.011111
3 0.613021 0.830556 0.000000 0.000000
