3 0.153385 0.036111 0.001563 0.001852
3 0.710938 0.041204 0.004167 0.006481
3 0.464583 0.060185 0.001042 0.003704
3 0.490104 0.106481 0.003125 0.003704
3 0.322135 0.220833 0.003646 0.004630
3 0.391146 0.308333 0.001042 0.001852
3 0.472135 0.317593 0.003646 0.003704
3 0.276823 0.325000 0.003646 0.005556
3 0.492708 0.359722 0.003125 0.004630
3 0.589323 0.380556 0.003646 0.005556
3 0.552604 0.393519 0.003125 0.005556
3 0.611198 0.397222 0.003646 0.005556
3 0.579948 0.399074 0.001563 0.003704
3 0.916406 0.404630 0.004687 0.005556
3 0.452604 0.408796 0.001042 0.000926
3 0.600781 0.431481 0.003646 0.005556
3 0.615625 0.437037 0.004167 0.005556
3 0.196354 0.437500 0.001042 0.002778
3 0.621615 0.444907 0.008854 0.013889
3 0.408594 0.469444 0.001563 0.001852
3 0.558073 0.480093 0.008854 0.012037
3 0.565104 0.484259 0.004167 0.007407
3 0.502344 0.505556 0.005729 0.011111
3 0.539844 0.527778 0.001563 0.001852
3 0.815104 0.529167 0.002083 0.002778
3 0.575000 0.544907 0.014583 0.028704
3 0.598177 0.536574 0.006771 0.010185
3 0.508073 0.561574 0.001563 0.002778
3 0.274219 0.605093 0.004687 0.008333
3 0.474740 0.629630 0.006771 0.011111
3 0.534115 0.673148 0.018229 0.024074
3 0.614583 0.731481 0.002083 0.003704
3 0.552604 0.900926 0.004167 0.009259
