3 0.473177 0.156481 0.055729 0.075926
3 0.562500 0.230093 0.006250 0.012037
3 0.451562 0.272685 0.016667 0.041667
3 0.415625 0.302315 0.022917 0.034259
3 0.268750 0.304630 0.017708 0.024074
3 0.585938 0.399074 0.006250 0.016667
3 0.701042 0.512963 0.023958 0.038889
3 0.374479 0.603241 0.075000 0.091667
3 0.467187 0.590741 0.041667 0.057407
3 0.275781 0.822685 0.032813 0.043519
3 0.078385 0.825000 0.000521 0.000000
3 0.460417 0.851389 0.020833 0.030556
3 0.309635 0.870370 0.022396 0.029630
3 0.223177 0.943056 0.045312 0.058333
