3 0.528125 0.026852 0.018750 0.029630
3 0.212500 0.054167 0.012500 0.015741
3 0.425781 0.054167 0.009896 0.013889
3 0.376042 0.081481 0.023958 0.025926
3 0.463281 0.133796 0.004687 0.004630
3 0.545312 0.136111 0.005208 0.005556
3 0.180208 0.158333 0.022917 0.035185
3 0.707552 0.178241 0.017188 0.023148
3 0.395052 0.299074 0.039062 0.061111
3 0.002344 0.295833 0.004687 0.010185
3 0.300521 0.359722 0.020833 0.021296
3 0.526563 0.395833 0.003125 0.002778
3 0.606250 0.431019 0.033333 0.056481
3 0.576823 0.453704 0.015104 0.024074
3 0.089323 0.466667 0.003646 0.003704
3 0.660417 0.742130 0.011458 0.015741
