3 0.342187 0.059259 0.027083 0.033333
3 0.347135 0.159259 0.020313 0.035185
3 0.322396 0.248148 0.019792 0.025926
3 0.432292 0.308796 0.008333 0.006481
3 0.580208 0.387500 0.019792 0.047222
3 0.541406 0.383333 0.019271 0.037037
3 0.201563 0.440741 0.057292 0.079630
3 0.469010 0.488426 0.005729 0.012037
3 0.219792 0.542130 0.023958 0.043519
3 0.495573 0.617130 0.033854 0.043519
3 0.360938 0.775463 0.045833 0.104630
3 0.575260 0.839352 0.022396 0.032407
3 0.588802 0.889815 0.020313 0.025926
3 0.658854 0.998148 0.000000 0.000000
