3 0.533073 0.006944 0.007812 0.012037
3 0.451302 0.033333 0.007812 0.005556
3 0.519010 0.093519 0.022396 0.027778
3 0.563542 0.121759 0.009375 0.013889
3 0.425521 0.156481 0.008333 0.012963
3 0.151562 0.225463 0.004167 0.004630
3 0.510677 0.270370 0.016146 0.018519
3 0.801823 0.287963 0.007812 0.009259
3 0.802604 0.313426 0.008333 0.012037
3 0.455469 0.319444 0.015104 0.018519
3 0.441406 0.367130 0.029687 0.041667
3 0.489063 0.358796 0.003125 0.006481
3 0.762240 0.357870 0.003646 0.004630
3 0.903385 0.361111 0.002604 0.003704
3 0.909375 0.418056 0.006250 0.008333
3 0.468229 0.423611 0.004167 0.006481
3 0.538281 0.435185 0.009896 0.018519
3 0.892188 0.436574 0.008333 0.013889
3 0.728385 0.467593 0.002604 0.003704
3 0.728906 0.494444 0.006771 0.009259
3 0.411719 0.526389 0.011979 0.013889
3 0.341927 0.546296 0.029687 0.037037
3 0.628385 0.540741 0.003646 0.003704
3 0.489063 0.633333 0.005208 0.005556
3 0.172396 0.658333 0.000000 0.000000
3 0.170573 0.666667 0.013021 0.014815
3 0.850260 0.940278 0.002604 0.002778
