3 0.227604 0.038889 0.006250 0.005556
3 0.320052 0.082870 0.003646 0.002778
3 0.232552 0.297222 0.008854 0.012963
3 0.113542 0.303704 0.009375 0.014815
3 0.258333 0.362037 0.008333 0.012963
3 0.220052 0.411574 0.017188 0.028704
3 0.468229 0.415741 0.019792 0.016667
3 0.321615 0.463889 0.004687 0.003704
3 0.047135 0.475926 0.008854 0.012963
3 0.168229 0.484722 0.020833 0.023148
3 0.237240 0.518519 0.004687 0.005556
3 0.522135 0.519444 0.003646 0.003704
3 0.072917 0.567593 0.009375 0.005556
3 0.063802 0.615741 0.022396 0.025926
3 0.222396 0.646296 0.044792 0.055556
3 0.151823 0.624537 0.005729 0.008333
3 0.444271 0.675000 0.033333 0.051852
3 0.413802 0.712963 0.016146 0.020370
3 0.164844 0.743981 0.017188 0.017593
3 0.192708 0.766204 0.003125 0.002778
3 0.675000 0.891667 0.011458 0.011111
