3 0.563021 0.144907 0.003125 0.002778
3 0.866667 0.179630 0.003125 0.003704
3 0.373698 0.237963 0.004687 0.005556
3 0.346615 0.286111 0.005729 0.007407
3 0.493490 0.296759 0.001563 0.002778
3 0.828385 0.342593 0.009896 0.007407
3 0.597135 0.341204 0.004687 0.002778
3 0.808594 0.362037 0.005729 0.007407
3 0.784375 0.411111 0.007292 0.009259
3 0.811458 0.432870 0.010417 0.015741
3 0.746875 0.462500 0.008333 0.012037
3 0.567969 0.459722 0.001563 0.002778
3 0.813021 0.462037 0.005208 0.005556
3 0.592187 0.466667 0.004167 0.005556
3 0.686458 0.476389 0.004167 0.006481
3 0.673438 0.508796 0.006250 0.013889
3 0.541146 0.507407 0.002083 0.003704
3 0.780729 0.537037 0.020833 0.033333
3 0.745833 0.541667 0.002083 0.003704
3 0.799479 0.556481 0.008333 0.011111
3 0.411198 0.568519 0.006771 0.011111
3 0.144271 0.581019 0.002083 0.002778
3 0.689844 0.585185 0.001563 0.005556
3 0.990104 0.609259 0.004167 0.003704
3 0.277604 0.625926 0.000000 0.000000
3 0.695052 0.640278 0.010937 0.013889
3 0.776042 0.707870 0.023958 0.028704
