3 0.455208 0.017593 0.005208 0.007407
3 0.609115 0.046759 0.008854 0.010185
3 0.622135 0.050926 0.004687 0.007407
3 0.587760 0.080556 0.002604 0.003704
3 0.703646 0.109259 0.008333 0.012963
3 0.234896 0.140741 0.007292 0.007407
3 0.573958 0.168056 0.008333 0.012037
3 0.705208 0.172685 0.007292 0.004630
3 0.779687 0.213426 0.008333 0.010185
3 0.295833 0.247222 0.005208 0.003704
3 0.487500 0.276389 0.003125 0.002778
3 0.633854 0.313889 0.017708 0.011111
3 0.407813 0.314815 0.002083 0.001852
3 0.556771 0.336574 0.011458 0.015741
3 0.784375 0.354167 0.017708 0.021296
3 0.911719 0.350000 0.006771 0.005556
3 0.752344 0.360648 0.008854 0.006481
3 0.380729 0.368056 0.014583 0.006481
3 0.484635 0.373148 0.003646 0.003704
3 0.555990 0.374074 0.003646 0.003704
3 0.610677 0.431481 0.039062 0.048148
3 0.764844 0.417593 0.005729 0.009259
3 0.823698 0.466667 0.007812 0.009259
3 0.674219 0.506019 0.016146 0.012037
3 0.413281 0.520370 0.028646 0.038889
3 0.440365 0.542593 0.014063 0.014815
3 0.175781 0.750000 0.010937 0.012963
