3 0.890885 0.021759 0.002604 0.004630
3 0.211198 0.050000 0.001563 0.003704
3 0.740104 0.049537 0.002083 0.002778
3 0.338021 0.063889 0.005208 0.007407
3 0.645833 0.112037 0.010417 0.016667
3 0.072396 0.161574 0.002083 0.004630
3 0.182292 0.170833 0.003125 0.006481
3 0.747396 0.176389 0.004167 0.004630
3 0.733594 0.194907 0.023438 0.032407
3 0.707812 0.217130 0.006250 0.006481
3 0.551302 0.221759 0.001563 0.002778
3 0.635156 0.230556 0.001563 0.003704
3 0.503125 0.234259 0.002083 0.003704
3 0.738802 0.244907 0.006771 0.017593
3 0.449479 0.258796 0.002083 0.002778
3 0.828646 0.263426 0.009375 0.012037
3 0.323698 0.296296 0.004687 0.007407
3 0.676302 0.296296 0.001563 0.005556
3 0.719010 0.311574 0.005729 0.008333
3 0.657031 0.373148 0.007812 0.012963
3 0.763802 0.388426 0.027604 0.037963
3 0.728385 0.395370 0.011979 0.018519
3 0.502083 0.389815 0.001042 0.003704
3 0.511719 0.393519 0.004687 0.007407
3 0.731510 0.419907 0.005729 0.006481
3 0.732031 0.440278 0.004687 0.006481
3 0.749219 0.439815 0.003646 0.005556
3 0.790625 0.461574 0.010417 0.013889
3 0.781771 0.493981 0.011458 0.015741
3 0.488802 0.534722 0.003646 0.006481
3 0.505990 0.571296 0.004687 0.007407
3 0.605469 0.604167 0.003646 0.006481
3 0.607812 0.605556 0.000000 0.000000
