3 0.925000 0.060185 0.148958 0.120370
3 0.560417 0.253241 0.106250 0.123148
3 0.899479 0.493056 0.077083 0.084259
3 0.882292 0.452778 0.000000 0.000000
3 0.914583 0.456481 0.000000 0.000000
3 0.897396 0.479630 0.000000 0.000000
3 0.931510 0.480556 0.000521 0.000000
3 0.930208 0.499074 0.000000 0.000000
3 0.861979 0.506481 0.000000 0.000000
3 0.860938 0.507407 0.000000 0.000000
3 0.864062 0.507407 0.000000 0.000000
3 0.861979 0.508333 0.000000 0.000000
3 0.863021 0.508333 0.000000 0.000000
3 0.860938 0.509259 0.000000 0.000000
3 0.864062 0.509259 0.000000 0.000000
3 0.865104 0.510185 0.000000 0.000000
3 0.864583 0.511574 0.000000 0.000926
3 0.863542 0.512963 0.000000 0.000000
3 0.865104 0.513426 0.000000 0.000926
3 0.907552 0.520370 0.000521 0.001852
3 0.905208 0.523148 0.000000 0.000000
3 0.908333 0.523148 0.000000 0.000000
3 0.909375 0.524537 0.000000 0.000926
3 0.910156 0.525926 0.000521 0.000000
3 0.910417 0.527778 0.000000 0.000000
3 0.913021 0.527778 0.000000 0.000000
