3 0.647396 0.084259 0.020833 0.025926
3 0.294010 0.178704 0.007812 0.005556
3 0.886458 0.214815 0.020833 0.029630
3 0.558854 0.254167 0.019792 0.026852
3 0.642188 0.257870 0.008333 0.010185
3 0.515625 0.436574 0.027083 0.043519
3 0.720833 0.474537 0.035417 0.036111
3 0.964323 0.488426 0.016146 0.019444
3 0.103646 0.637500 0.035417 0.028704
3 0.312240 0.636111 0.008854 0.009259
3 0.527344 0.676852 0.009896 0.009259
3 0.687500 0.762500 0.088542 0.113889
3 0.994531 0.757870 0.009896 0.013889
3 0.831771 0.972685 0.038542 0.037963
3 0.240625 0.996759 0.007292 0.004630
