3 0.735417 0.030093 0.004167 0.006481
3 0.149479 0.041667 0.002083 0.003704
3 0.255469 0.072685 0.005729 0.008333
3 0.576823 0.118519 0.011979 0.018519
3 0.519271 0.139352 0.001042 0.002778
3 0.691406 0.154630 0.010937 0.011111
3 0.142969 0.160185 0.003646 0.005556
3 0.680729 0.217593 0.027083 0.037037
3 0.599219 0.237500 0.002604 0.004630
3 0.424479 0.237963 0.002083 0.003704
3 0.693229 0.250926 0.006250 0.009259
3 0.396615 0.262963 0.001563 0.003704
3 0.690365 0.273611 0.007812 0.019444
3 0.636458 0.295370 0.002083 0.005556
3 0.284375 0.306019 0.005208 0.006481
3 0.793750 0.310185 0.011458 0.012963
3 0.750781 0.313426 0.003646 0.006481
3 0.603646 0.372685 0.008333 0.013889
3 0.689844 0.375000 0.014063 0.016667
3 0.467187 0.382870 0.005208 0.008333
3 0.726042 0.397685 0.031250 0.036111
3 0.456250 0.405093 0.002083 0.004630
3 0.695312 0.408796 0.005208 0.006481
3 0.761719 0.464352 0.013021 0.017593
3 0.479687 0.479167 0.004167 0.006481
3 0.469792 0.580556 0.005208 0.007407
3 0.580469 0.597222 0.004687 0.005556
