3 0.418490 0.078241 0.002604 0.002778
3 0.930469 0.089352 0.006771 0.004630
3 0.470573 0.157870 0.005729 0.002778
3 0.513542 0.174074 0.006250 0.007407
3 0.553385 0.197222 0.006771 0.011111
3 0.885677 0.243981 0.003646 0.002778
3 0.467708 0.255556 0.005208 0.009259
3 0.800260 0.256481 0.001563 0.001852
3 0.507031 0.302778 0.016146 0.016667
3 0.268490 0.313426 0.002604 0.002778
3 0.558333 0.319444 0.006250 0.007407
3 0.729948 0.331481 0.005729 0.005556
3 0.694531 0.336574 0.002604 0.002778
3 0.804427 0.364815 0.004687 0.005556
3 0.503906 0.375463 0.011979 0.010185
3 0.675000 0.386574 0.004167 0.006481
3 0.494531 0.417593 0.001563 0.003704
3 0.723437 0.431481 0.006250 0.007407
3 0.455208 0.436111 0.003125 0.003704
3 0.457031 0.465741 0.020313 0.033333
3 0.671094 0.452315 0.001563 0.002778
3 0.527604 0.463426 0.006250 0.012037
3 0.584115 0.479630 0.002604 0.001852
3 0.509635 0.483796 0.003646 0.002778
3 0.445312 0.487500 0.008333 0.006481
3 0.789844 0.489815 0.005729 0.009259
3 0.393490 0.542130 0.020313 0.023148
3 0.399219 0.551852 0.008854 0.009259
3 0.316927 0.615278 0.008854 0.008333
3 0.748698 0.669444 0.001563 0.001852
