3 0.663802 0.073611 0.022396 0.026852
3 0.588281 0.093056 0.052604 0.060185
3 0.638542 0.102778 0.027083 0.027778
3 0.516927 0.179630 0.005729 0.009259
3 0.301302 0.241667 0.042188 0.061111
3 0.334375 0.254630 0.020833 0.016667
3 0.281250 0.347685 0.021875 0.026852
3 0.553906 0.355093 0.018229 0.017593
3 0.416927 0.359722 0.005729 0.008333
3 0.811719 0.426389 0.011979 0.015741
3 0.975260 0.434259 0.013021 0.012963
3 0.665365 0.568981 0.004687 0.006481
3 0.708333 0.653241 0.005208 0.008333
3 0.483333 0.653241 0.005208 0.006481
3 0.118490 0.675926 0.010937 0.007407
3 0.942708 0.725463 0.011458 0.019444
3 0.496615 0.760648 0.008854 0.015741
3 0.660677 0.813889 0.003646 0.005556
3 0.782552 0.848611 0.008854 0.015741
3 0.805208 0.916204 0.008333 0.006481
