3 0.461979 0.018519 0.002083 0.001852
3 0.431510 0.044444 0.004687 0.005556
3 0.909375 0.050926 0.005208 0.005556
3 0.660417 0.064815 0.002083 0.001852
3 0.613802 0.099074 0.001563 0.001852
3 0.701562 0.156481 0.004167 0.003704
3 0.536198 0.170370 0.005729 0.007407
3 0.561719 0.197685 0.001563 0.000926
3 0.509375 0.210185 0.005208 0.007407
3 0.585938 0.214352 0.005208 0.008333
3 0.646875 0.236574 0.002083 0.002778
3 0.443490 0.280093 0.007812 0.006481
3 0.313021 0.283796 0.002083 0.002778
3 0.495833 0.319444 0.002083 0.001852
3 0.740625 0.321296 0.004167 0.005556
3 0.643750 0.330556 0.005208 0.007407
3 0.529948 0.330093 0.001563 0.002778
3 0.543750 0.349074 0.007292 0.012963
3 0.617448 0.364815 0.005729 0.003704
3 0.554167 0.375926 0.011458 0.011111
3 0.423438 0.411111 0.015625 0.025926
3 0.724219 0.405556 0.005729 0.007407
3 0.436979 0.436574 0.008333 0.010185
3 0.510938 0.461574 0.022917 0.030556
3 0.600260 0.457870 0.014063 0.015741
3 0.539323 0.512963 0.009896 0.011111
3 0.385417 0.545370 0.006250 0.007407
3 0.480990 0.578241 0.002604 0.002778
