3 0.758594 0.000000 0.000521 0.000000
3 0.765885 0.002778 0.004687 0.005556
3 0.899479 0.003704 0.012500 0.007407
3 0.506250 0.006019 0.002083 0.004630
3 0.391146 0.018056 0.003125 0.006481
3 0.328906 0.087963 0.002604 0.005556
3 0.682813 0.098611 0.003125 0.008333
3 0.762240 0.114352 0.008854 0.013889
3 0.144271 0.175463 0.007292 0.012037
3 0.818490 0.225463 0.034896 0.050926
3 0.645573 0.212963 0.013021 0.020370
3 0.770052 0.240741 0.019271 0.025926
3 0.413281 0.284259 0.002604 0.007407
3 0.808333 0.289815 0.008333 0.011111
3 0.432812 0.293056 0.008333 0.013889
3 0.779167 0.322685 0.008333 0.012037
3 0.852865 0.321759 0.006771 0.010185
3 0.870833 0.341204 0.017708 0.023148
3 0.870052 0.395833 0.020313 0.026852
3 0.424479 0.529630 0.006250 0.011111
3 0.426042 0.584722 0.008333 0.012037
3 0.594792 0.615278 0.007292 0.010185
