3 0.331510 0.046296 0.002604 0.005556
3 0.709375 0.067130 0.002083 0.004630
3 0.486198 0.137963 0.000521 0.001852
3 0.378125 0.150463 0.002083 0.004630
3 0.678125 0.157407 0.001042 0.001852
3 0.612760 0.176389 0.002604 0.004630
3 0.498177 0.201852 0.003646 0.005556
3 0.501563 0.215278 0.003125 0.004630
3 0.427083 0.226389 0.003125 0.006481
3 0.542188 0.254167 0.001042 0.002778
3 0.370312 0.269907 0.003125 0.004630
3 0.221094 0.281944 0.002604 0.002778
3 0.398177 0.291667 0.002604 0.003704
3 0.383073 0.302315 0.002604 0.004630
3 0.507812 0.301852 0.001042 0.001852
3 0.600260 0.309259 0.002604 0.003704
3 0.361198 0.314352 0.007812 0.012037
3 0.400781 0.332407 0.002604 0.003704
3 0.407031 0.340741 0.000521 0.001852
3 0.410417 0.358796 0.005208 0.008333
3 0.247656 0.358333 0.000521 0.001852
3 0.404948 0.372222 0.002604 0.003704
3 0.522135 0.374074 0.000521 0.001852
3 0.733333 0.374074 0.001042 0.001852
3 0.450781 0.386574 0.003646 0.008333
3 0.374219 0.392130 0.005729 0.008333
3 0.424479 0.391204 0.001042 0.000926
3 0.396354 0.407870 0.011458 0.021296
3 0.440365 0.416667 0.000521 0.001852
3 0.094531 0.423148 0.003646 0.003704
3 0.461458 0.469444 0.004167 0.005556
3 0.557552 0.474537 0.001563 0.002778
3 0.422135 0.497222 0.011979 0.014815
3 0.375781 0.492593 0.000521 0.001852
3 0.397396 0.594907 0.002083 0.004630
