3 0.307552 0.000463 0.000521 0.000926
3 0.531510 0.027315 0.009896 0.013889
3 0.169531 0.045370 0.005729 0.003704
3 0.627083 0.135185 0.010417 0.014815
3 0.457552 0.181944 0.010937 0.015741
3 0.085156 0.181481 0.007812 0.011111
3 0.287760 0.244907 0.003646 0.004630
3 0.625260 0.247222 0.006771 0.005556
3 0.689063 0.274074 0.010417 0.012963
3 0.266146 0.293981 0.006250 0.008333
3 0.512240 0.370370 0.016146 0.009259
3 0.451042 0.370833 0.008333 0.008333
3 0.710156 0.395370 0.025521 0.018519
3 0.185677 0.423148 0.019271 0.011111
3 0.374479 0.425926 0.014583 0.016667
3 0.204167 0.428704 0.004167 0.003704
3 0.680208 0.432407 0.010417 0.007407
3 0.523438 0.459259 0.040625 0.053704
3 0.424479 0.443981 0.005208 0.006481
3 0.287240 0.472222 0.004687 0.005556
3 0.372917 0.504167 0.004167 0.006481
3 0.295052 0.562963 0.039062 0.046296
3 0.603906 0.552778 0.019271 0.009259
3 0.328646 0.589815 0.018750 0.018519
3 0.517448 0.655556 0.007812 0.011111
3 0.636719 0.663426 0.008854 0.008333
3 0.129167 0.780556 0.018750 0.022222
3 0.139583 0.786111 0.000000 0.000000
