3 0.558854 0.005093 0.005208 0.010185
3 0.580990 0.013889 0.022396 0.027778
3 0.496875 0.077778 0.007292 0.012963
3 0.982031 0.081481 0.014063 0.014815
3 0.614062 0.151389 0.020833 0.026852
3 0.852344 0.159259 0.005729 0.007407
3 0.280729 0.203704 0.044792 0.066667
3 0.318490 0.202778 0.023438 0.024074
3 0.918490 0.193519 0.004687 0.005556
3 0.316146 0.225463 0.026042 0.017593
3 0.685677 0.325926 0.009896 0.016667
3 0.845052 0.340741 0.005729 0.009259
3 0.631510 0.381019 0.005729 0.006481
3 0.247135 0.398148 0.010937 0.005556
