3 0.622396 0.019907 0.004167 0.004630
3 0.726302 0.041204 0.006771 0.010185
3 0.267708 0.048148 0.006250 0.009259
3 0.651563 0.072222 0.007292 0.011111
3 0.655208 0.066667 0.000000 0.000000
3 0.138021 0.079167 0.007292 0.006481
3 0.695312 0.103241 0.005208 0.004630
3 0.454948 0.115741 0.002604 0.003704
3 0.400000 0.133333 0.005208 0.007407
3 0.803385 0.137500 0.007812 0.008333
3 0.571615 0.200000 0.006771 0.005556
3 0.760417 0.246296 0.007292 0.005556
3 0.438281 0.258333 0.013021 0.007407
3 0.666927 0.259722 0.013021 0.006481
3 0.413802 0.264352 0.002604 0.002778
3 0.546094 0.267593 0.002604 0.003704
3 0.806771 0.281019 0.018750 0.013889
3 0.611979 0.279167 0.003125 0.004630
3 0.559375 0.306481 0.011458 0.012963
3 0.517708 0.311574 0.003125 0.004630
3 0.669271 0.363889 0.029167 0.038889
3 0.525260 0.384722 0.027604 0.032407
3 0.738542 0.403704 0.014583 0.005556
3 0.550260 0.412037 0.011979 0.012963
3 0.618490 0.418981 0.005729 0.008333
3 0.109635 0.418056 0.002604 0.002778
3 0.721094 0.426852 0.006771 0.005556
3 0.514583 0.512963 0.010417 0.012963
