3 0.918490 0.058796 0.007812 0.013889
3 0.697656 0.058796 0.001563 0.004630
3 0.225260 0.082407 0.002604 0.005556
3 0.899479 0.102778 0.008333 0.011111
3 0.740885 0.119444 0.015104 0.020370
3 0.362760 0.134259 0.006771 0.011111
3 0.920573 0.182407 0.007812 0.011111
3 0.873958 0.218056 0.033333 0.041667
3 0.227604 0.218981 0.005208 0.006481
3 0.891927 0.275926 0.010937 0.022222
3 0.547396 0.283796 0.002083 0.004630
3 0.585156 0.286574 0.002604 0.004630
3 0.846875 0.293056 0.003125 0.006481
3 0.903125 0.335185 0.017708 0.016667
3 0.788542 0.354630 0.011458 0.014815
3 0.973698 0.361574 0.007812 0.010185
3 0.950000 0.383796 0.037500 0.039815
3 0.405208 0.378241 0.006250 0.008333
3 0.906510 0.414352 0.007812 0.008333
3 0.634115 0.427778 0.006771 0.009259
3 0.633073 0.457870 0.002604 0.006481
3 0.996615 0.456944 0.005729 0.002778
3 0.998958 0.461574 0.001042 0.000926
3 0.060937 0.488889 0.003125 0.005556
3 0.685156 0.508333 0.005729 0.007407
3 0.806250 0.664815 0.006250 0.005556
3 0.651823 0.691204 0.006771 0.010185
