3 0.828646 0.026852 0.032292 0.033333
3 0.693750 0.052315 0.054167 0.076852
3 0.753125 0.038426 0.032292 0.032407
3 0.305469 0.131944 0.057813 0.084259
3 0.632031 0.143519 0.007812 0.011111
3 0.360156 0.168056 0.027604 0.023148
3 0.495052 0.209259 0.007812 0.011111
3 0.263281 0.248148 0.028646 0.037037
3 0.606771 0.345833 0.025000 0.019444
3 0.900000 0.527778 0.014583 0.020370
3 0.689323 0.625463 0.006771 0.010185
3 0.490885 0.707870 0.006771 0.010185
3 0.746875 0.738426 0.007292 0.012037
3 0.424479 0.790278 0.010417 0.019444
3 0.573438 0.861111 0.004167 0.005556
3 0.750260 0.971759 0.010937 0.019444
