3 0.726042 0.073611 0.013542 0.010185
3 0.121615 0.078704 0.006771 0.005556
3 0.561458 0.091204 0.006250 0.012037
3 0.145313 0.106019 0.004167 0.010185
3 0.648438 0.185648 0.004167 0.008333
3 0.608854 0.230556 0.035417 0.018519
3 0.850521 0.259259 0.025000 0.024074
3 0.163542 0.266204 0.011458 0.017593
3 0.752083 0.263889 0.029167 0.012963
3 0.157292 0.264815 0.000000 0.000000
3 0.416406 0.298611 0.010937 0.013889
3 0.580208 0.403704 0.018750 0.029630
3 0.857292 0.551852 0.071875 0.133333
3 0.887760 0.504630 0.021354 0.012963
3 0.853385 0.618981 0.023438 0.034259
