3 0.895573 0.051852 0.011979 0.014815
3 0.236458 0.061111 0.004167 0.003704
3 0.081510 0.106944 0.011979 0.012037
3 0.251042 0.148611 0.007292 0.010185
3 0.838281 0.190278 0.009896 0.012037
3 0.819010 0.207870 0.010937 0.013889
3 0.447917 0.244907 0.002083 0.004630
3 0.354687 0.265741 0.005208 0.007407
3 0.625260 0.272685 0.004687 0.004630
3 0.890885 0.333796 0.008854 0.010185
3 0.587500 0.344444 0.006250 0.007407
3 0.436979 0.406944 0.003125 0.002778
3 0.911719 0.409722 0.008854 0.004630
3 0.783854 0.415278 0.018750 0.008333
3 0.572656 0.421759 0.020313 0.012037
3 0.665885 0.445833 0.003646 0.006481
3 0.927604 0.451852 0.021875 0.016667
3 0.646615 0.455556 0.013021 0.016667
3 0.534896 0.462963 0.003125 0.005556
3 0.742708 0.462500 0.004167 0.004630
3 0.838281 0.542130 0.043229 0.050926
3 0.048698 0.528704 0.003646 0.003704
3 0.614844 0.556944 0.005729 0.008333
3 0.739062 0.590741 0.006250 0.007407
3 0.895573 0.603241 0.019271 0.010185
3 0.746094 0.629167 0.048438 0.050926
3 0.769531 0.660648 0.015104 0.021296
