3 0.791406 0.001852 0.004687 0.003704
3 0.315104 0.167130 0.019792 0.026852
3 0.574219 0.226389 0.018229 0.037963
3 0.990365 0.242130 0.010937 0.015741
3 0.451823 0.254167 0.005729 0.004630
3 0.495312 0.325000 0.013542 0.020370
3 0.484115 0.394444 0.017188 0.027778
3 0.504167 0.425463 0.005208 0.006481
3 0.611198 0.457870 0.027604 0.050926
3 0.298958 0.492130 0.036458 0.065741
3 0.646354 0.529630 0.015625 0.029630
3 0.327083 0.550926 0.019792 0.029630
3 0.532813 0.631944 0.052083 0.087963
3 0.957292 0.598611 0.013542 0.021296
3 0.771615 0.679630 0.015104 0.025926
3 0.000521 0.684259 0.001042 0.001852
3 0.706250 0.787963 0.014583 0.020370
3 0.588281 0.807407 0.022396 0.042593
3 0.740365 0.846296 0.034896 0.062963
