3 0.721615 0.003704 0.009896 0.007407
3 0.727604 0.000463 0.002083 0.000926
3 0.536979 0.199074 0.038542 0.035185
3 0.434375 0.301389 0.036458 0.039815
3 0.379948 0.412963 0.064062 0.100000
3 0.482292 0.372222 0.007292 0.014815
3 0.966927 0.408796 0.006771 0.008333
3 0.368490 0.449537 0.009896 0.015741
3 0.563802 0.554167 0.021354 0.036111
3 0.860677 0.632407 0.011979 0.016667
3 0.945573 0.637500 0.006771 0.010185
3 0.283333 0.672685 0.025000 0.026852
3 0.141667 0.732870 0.068750 0.078704
3 0.676823 0.738426 0.006771 0.008333
3 0.411979 0.842593 0.010417 0.007407
