3 0.403646 0.031019 0.007292 0.010185
3 0.875521 0.094907 0.003125 0.004630
3 0.613542 0.118981 0.003125 0.002778
3 0.775781 0.257407 0.007812 0.003704
3 0.211979 0.318981 0.003125 0.002778
3 0.916406 0.330556 0.007812 0.009259
3 0.269792 0.342130 0.008333 0.012037
3 0.986198 0.356481 0.008854 0.011111
3 0.708854 0.400000 0.003125 0.003704
3 0.843229 0.406019 0.009375 0.012037
3 0.572656 0.405556 0.003646 0.003704
3 0.826302 0.462037 0.007812 0.009259
3 0.873437 0.481019 0.014583 0.015741
3 0.747135 0.490741 0.013021 0.018519
3 0.947135 0.546759 0.007812 0.012037
3 0.892708 0.602315 0.032292 0.049074
3 0.810156 0.597685 0.003646 0.004630
3 0.694010 0.611111 0.003646 0.005556
3 0.627083 0.637037 0.014583 0.014815
3 0.954688 0.673148 0.016667 0.016667
3 0.817187 0.712500 0.004167 0.004630
3 0.734896 0.792130 0.031250 0.047222
3 0.757812 0.803241 0.013542 0.021296
