3 0.683594 0.009722 0.016146 0.019444
3 0.680469 0.066204 0.033854 0.050926
3 0.326823 0.056481 0.015104 0.027778
3 0.638281 0.081944 0.018229 0.026852
3 0.713021 0.114815 0.005208 0.007407
3 0.369010 0.336111 0.067187 0.081481
3 0.461198 0.320833 0.061979 0.047222
3 0.304427 0.434722 0.007812 0.012037
3 0.004948 0.485648 0.009896 0.062037
3 0.025781 0.506481 0.029687 0.022222
3 0.186458 0.593056 0.008333 0.012037
3 0.330208 0.642130 0.026042 0.023148
3 0.681510 0.729630 0.015104 0.020370
3 0.885156 0.801389 0.017188 0.013889
3 0.491667 0.895370 0.006250 0.009259
