3 0.436979 0.012500 0.028125 0.025000
3 0.526563 0.159722 0.006250 0.008333
3 0.148438 0.170370 0.005208 0.007407
3 0.891667 0.199074 0.013542 0.016667
3 0.720573 0.215741 0.028646 0.020370
3 0.829427 0.222685 0.023438 0.032407
3 0.391667 0.223148 0.013542 0.016667
3 0.665885 0.252778 0.060937 0.074074
3 0.507552 0.238426 0.020313 0.030556
3 0.425000 0.252778 0.010417 0.012963
3 0.917969 0.303241 0.014063 0.012037
3 0.695052 0.329167 0.019271 0.036111
3 0.789844 0.348611 0.056771 0.075000
3 0.940365 0.349074 0.032813 0.029630
3 0.296875 0.387037 0.005208 0.011111
3 0.880469 0.489815 0.027604 0.016667
3 0.412500 0.694444 0.012500 0.018519
3 0.660937 0.715278 0.011458 0.008333
