3 0.053906 0.047685 0.004687 0.006481
3 0.338281 0.149537 0.013021 0.008333
3 0.773958 0.188426 0.013542 0.019444
3 0.817708 0.230556 0.014583 0.012963
3 0.838021 0.333333 0.014583 0.018519
3 0.395833 0.429630 0.011458 0.016667
3 0.686719 0.461111 0.016146 0.022222
3 0.261458 0.467130 0.005208 0.006481
3 0.856250 0.481019 0.013542 0.017593
3 0.880469 0.513889 0.032813 0.040741
3 0.622396 0.520833 0.011458 0.017593
3 0.656771 0.583796 0.032292 0.028704
3 0.103385 0.579167 0.004687 0.008333
3 0.450781 0.681019 0.021354 0.039815
3 0.593229 0.746296 0.005208 0.009259
3 0.721615 0.816204 0.054688 0.078704
3 0.470052 0.816667 0.005729 0.011111
3 0.807031 0.841204 0.026562 0.028704
3 0.359115 0.983333 0.026562 0.031481
