3 0.237240 0.061574 0.004687 0.004630
3 0.122396 0.085185 0.018750 0.037037
3 0.413802 0.118981 0.023438 0.030556
3 0.251302 0.160648 0.005729 0.004630
3 0.153125 0.213426 0.011458 0.017593
3 0.136458 0.260648 0.011458 0.019444
3 0.052083 0.296296 0.025000 0.042593
3 0.015885 0.314352 0.010937 0.021296
3 0.162760 0.311574 0.005729 0.004630
3 0.386979 0.474074 0.041667 0.072222
3 0.109635 0.486574 0.053646 0.080556
3 0.351823 0.524074 0.020313 0.029630
3 0.511979 0.567593 0.005208 0.005556
3 0.038021 0.636574 0.021875 0.034259
3 0.718490 0.824074 0.014063 0.018519
