3 0.912240 0.000463 0.000521 0.000926
3 0.917969 0.000926 0.001563 0.001852
3 0.377604 0.055556 0.021875 0.037037
3 0.658333 0.043056 0.006250 0.006481
3 0.773177 0.209722 0.002604 0.006481
3 0.640625 0.217593 0.018750 0.016667
3 0.138021 0.416667 0.009375 0.011111
3 0.485417 0.551389 0.005208 0.008333
3 0.763542 0.604630 0.010417 0.016667
3 0.620313 0.626852 0.004167 0.007407
3 0.685417 0.641667 0.005208 0.009259
3 0.408333 0.718981 0.008333 0.013889
3 0.891667 0.852778 0.010417 0.020370
3 0.464844 0.872685 0.002604 0.004630
3 0.619792 0.915278 0.007292 0.013889
