3 0.159375 0.103704 0.006250 0.007407
3 0.362500 0.141667 0.005208 0.009259
3 0.043229 0.210185 0.006250 0.009259
3 0.229948 0.259722 0.001563 0.000926
3 0.197135 0.311111 0.001563 0.001852
3 0.338802 0.319444 0.002604 0.003704
3 0.403125 0.357870 0.001042 0.000926
3 0.277083 0.392593 0.002083 0.001852
3 0.111458 0.428241 0.004167 0.004630
3 0.221354 0.443981 0.004167 0.004630
3 0.383854 0.449074 0.003125 0.005556
3 0.405990 0.455556 0.006771 0.007407
3 0.292187 0.456019 0.002083 0.002778
3 0.373958 0.462500 0.003125 0.004630
3 0.497656 0.466667 0.001563 0.001852
3 0.232552 0.476852 0.001563 0.001852
3 0.358594 0.485648 0.002604 0.004630
3 0.333073 0.492593 0.004687 0.009259
3 0.369271 0.490741 0.002083 0.001852
3 0.346615 0.521296 0.006771 0.007407
3 0.367708 0.521296 0.001042 0.001852
3 0.337500 0.531481 0.003125 0.003704
3 0.428125 0.542593 0.012500 0.018519
3 0.372135 0.561574 0.010937 0.017593
3 0.422656 0.559722 0.006771 0.008333
3 0.436979 0.565278 0.002083 0.002778
3 0.346875 0.572222 0.003125 0.001852
3 0.344531 0.577315 0.006771 0.008333
3 0.541146 0.580556 0.004167 0.005556
3 0.184115 0.581019 0.004687 0.004630
3 0.366927 0.603704 0.004687 0.005556
3 0.443490 0.606944 0.000521 0.000926
3 0.250781 0.624074 0.003646 0.003704
3 0.495573 0.720833 0.001563 0.002778
