3 0.306250 0.147685 0.007292 0.010185
3 0.510938 0.174074 0.003125 0.003704
3 0.960156 0.212500 0.007812 0.012037
3 0.872917 0.241204 0.016667 0.019444
3 0.605469 0.261111 0.003646 0.003704
3 0.935937 0.271296 0.008333 0.009259
3 0.871354 0.298148 0.005208 0.007407
3 0.874219 0.318056 0.007812 0.012037
3 0.854688 0.351389 0.003125 0.004630
3 0.605208 0.373148 0.007292 0.009259
3 0.792969 0.400463 0.006771 0.019444
3 0.982031 0.417593 0.034896 0.042593
3 0.510417 0.409722 0.005208 0.008333
3 0.796875 0.409259 0.000000 0.000000
3 0.602604 0.422222 0.002083 0.005556
3 0.870833 0.437037 0.011458 0.020370
3 0.895052 0.459259 0.007812 0.009259
3 0.980729 0.467130 0.013542 0.021296
3 0.932292 0.517130 0.026042 0.045370
3 0.911719 0.518981 0.007812 0.006481
3 0.925521 0.557870 0.014583 0.019444
3 0.944792 0.610648 0.010417 0.012037
3 0.585156 0.630556 0.006771 0.009259
3 0.717448 0.696759 0.005729 0.006481
