3 0.701042 0.078241 0.003125 0.002778
3 0.811198 0.154630 0.004687 0.003704
3 0.450000 0.171296 0.004167 0.005556
3 0.558854 0.185185 0.004167 0.005556
3 0.585417 0.231481 0.002083 0.001852
3 0.758594 0.271296 0.005729 0.007407
3 0.807813 0.307870 0.006250 0.008333
3 0.322135 0.308796 0.005729 0.006481
3 0.698958 0.307407 0.005208 0.003704
3 0.706510 0.356944 0.006771 0.008333
3 0.844531 0.380093 0.006771 0.008333
3 0.350521 0.398148 0.002083 0.001852
3 0.540625 0.403704 0.002083 0.001852
3 0.640625 0.419907 0.002083 0.002778
3 0.731510 0.451852 0.014063 0.009259
3 0.644792 0.464815 0.009375 0.012963
3 0.855990 0.477778 0.016146 0.016667
3 0.731250 0.480093 0.005208 0.006481
3 0.835677 0.480093 0.006771 0.004630
3 0.628385 0.481019 0.003646 0.002778
3 0.609115 0.500926 0.002604 0.003704
3 0.678646 0.503241 0.003125 0.002778
3 0.536719 0.512963 0.010937 0.007407
3 0.811198 0.525926 0.005729 0.007407
3 0.733073 0.547222 0.025521 0.037037
3 0.786198 0.596759 0.011979 0.010185
3 0.600781 0.638426 0.022396 0.032407
3 0.621354 0.652778 0.010417 0.012963
3 0.496875 0.874537 0.009375 0.010185
