3 0.188542 0.000463 0.002083 0.000926
3 0.101042 0.059722 0.010417 0.015741
3 0.083854 0.076389 0.019792 0.036111
3 0.388802 0.080556 0.023438 0.020370
3 0.586719 0.131944 0.004687 0.004630
3 0.248698 0.146759 0.006771 0.004630
3 0.071615 0.158796 0.024479 0.026852
3 0.185417 0.225463 0.005208 0.006481
3 0.144010 0.308333 0.043229 0.064815
3 0.213021 0.299537 0.007292 0.010185
3 0.000521 0.306019 0.001042 0.002778
3 0.006771 0.322685 0.013542 0.019444
3 0.391146 0.360185 0.038542 0.061111
3 0.046094 0.356944 0.010937 0.004630
3 0.363802 0.401852 0.021354 0.024074
3 0.105469 0.448148 0.020313 0.020370
3 0.264844 0.466667 0.003646 0.003704
3 0.700260 0.599537 0.013021 0.017593
3 0.341927 0.831019 0.006771 0.006481
