3 0.440885 0.105556 0.004687 0.007407
3 0.278125 0.177778 0.009375 0.012963
3 0.772396 0.194444 0.008333 0.009259
3 0.775000 0.193519 0.000000 0.000000
3 0.626302 0.267593 0.031771 0.024074
3 0.689323 0.275926 0.011979 0.012963
3 0.991406 0.318519 0.016146 0.011111
3 0.421615 0.348611 0.005729 0.006481
3 0.787240 0.355093 0.006771 0.008333
3 0.769792 0.391204 0.022917 0.028704
3 0.926823 0.386574 0.006771 0.010185
3 0.596615 0.471296 0.005729 0.009259
3 0.893750 0.552315 0.075000 0.080556
3 0.937240 0.617593 0.026562 0.033333
3 0.745313 0.669907 0.011458 0.015741
3 0.967969 0.709722 0.011979 0.010185
