3 0.669792 0.038426 0.019792 0.036111
3 0.696354 0.170833 0.014583 0.028704
3 0.755729 0.185648 0.018750 0.030556
3 0.861719 0.223148 0.053646 0.083333
3 0.810677 0.303241 0.023438 0.030556
3 0.552344 0.406481 0.020313 0.031481
3 0.584635 0.498148 0.068229 0.066667
3 0.971094 0.517130 0.006771 0.015741
3 0.808854 0.552315 0.007292 0.013889
3 0.437760 0.570833 0.029687 0.039815
3 0.024479 0.570370 0.000000 0.000000
3 0.580208 0.612037 0.035417 0.055556
3 0.330469 0.648611 0.021354 0.032407
3 0.302865 0.667593 0.042188 0.064815
3 0.428385 0.735185 0.018229 0.031481
3 0.805208 0.783333 0.029167 0.027778
3 0.265625 0.978704 0.000000 0.000000
