3 0.498698 0.030093 0.011979 0.023148
3 0.540625 0.091204 0.013542 0.019444
3 0.758854 0.185185 0.018750 0.025926
3 0.441146 0.257407 0.013542 0.020370
3 0.595052 0.275463 0.038021 0.047222
3 0.705208 0.334259 0.004167 0.009259
3 0.470573 0.338889 0.009896 0.016667
3 0.568750 0.343981 0.013542 0.025000
3 0.120313 0.385648 0.000000 0.000926
3 0.604427 0.415278 0.004687 0.010185
3 0.449219 0.507407 0.048438 0.057407
3 0.305469 0.495833 0.015104 0.021296
3 0.636198 0.578241 0.000521 0.000926
3 0.632812 0.587500 0.018750 0.019444
3 0.348438 0.595833 0.022917 0.026852
3 0.391667 0.598148 0.013542 0.018519
3 0.272656 0.632407 0.031771 0.038889
3 0.297917 0.640741 0.000000 0.000000
3 0.949219 0.867593 0.016146 0.031481
