3 0.214062 0.169444 0.004167 0.009259
3 0.475521 0.205093 0.012500 0.013889
3 0.985938 0.309722 0.013542 0.017593
3 0.522135 0.349074 0.010937 0.014815
3 0.986719 0.375000 0.015104 0.018519
3 0.736719 0.405556 0.009896 0.018519
3 0.993229 0.421759 0.012500 0.041667
3 0.983594 0.475000 0.015104 0.016667
3 0.423698 0.476852 0.003646 0.007407
3 0.995833 0.542593 0.007292 0.018519
3 0.998958 0.551389 0.001042 0.000926
3 0.804688 0.573148 0.021875 0.038889
3 0.835677 0.599537 0.016146 0.023148
3 0.616927 0.696296 0.018229 0.038889
3 0.623437 0.687037 0.000000 0.000000
3 0.875260 0.740278 0.048438 0.086111
3 0.296094 0.716204 0.004687 0.010185
3 0.940625 0.746759 0.022917 0.034259
3 0.781510 0.848611 0.004687 0.010185
3 0.641667 0.995370 0.000000 0.000000
3 0.644271 0.997222 0.006250 0.003704
