3 0.013542 0.010185 0.027083 0.020370
3 0.009896 0.016667 0.000000 0.000000
3 0.019271 0.017593 0.000000 0.000000
3 0.439583 0.465741 0.120833 0.198148
3 0.845052 0.456481 0.079687 0.046296
3 0.859635 0.433333 0.000521 0.000000
3 0.861458 0.433333 0.000000 0.000000
3 0.809375 0.442593 0.000000 0.000000
3 0.806771 0.444444 0.000000 0.000000
3 0.868229 0.447222 0.000000 0.000000
3 0.882292 0.447222 0.000000 0.000000
3 0.883854 0.448148 0.000000 0.000000
3 0.884896 0.448148 0.000000 0.000000
3 0.887500 0.449074 0.002083 0.001852
3 0.885677 0.450000 0.000521 0.000000
3 0.890104 0.450000 0.000000 0.000000
3 0.886458 0.450926 0.000000 0.000000
3 0.890625 0.450926 0.000000 0.000000
3 0.815625 0.453704 0.000000 0.000000
3 0.815365 0.455556 0.000521 0.000000
3 0.814323 0.456481 0.000521 0.000000
3 0.815885 0.458333 0.000521 0.001852
3 0.815365 0.460185 0.000521 0.000000
