3 0.025781 0.082407 0.008854 0.009259
3 0.458073 0.084722 0.001563 0.002778
3 0.971354 0.179167 0.008333 0.008333
3 0.976042 0.175926 0.000000 0.000000
3 0.814063 0.185648 0.005208 0.006481
3 0.485156 0.205093 0.004687 0.004630
3 0.474740 0.221296 0.005729 0.007407
3 0.770573 0.226852 0.002604 0.001852
3 0.472917 0.243056 0.005208 0.006481
3 0.658854 0.276389 0.003125 0.002778
3 0.741667 0.288426 0.006250 0.004630
3 0.407813 0.290278 0.001042 0.000926
3 0.449219 0.307407 0.005729 0.007407
3 0.177344 0.313889 0.002604 0.001852
3 0.664062 0.364352 0.002083 0.000926
3 0.541406 0.377315 0.005729 0.002778
3 0.482812 0.379630 0.005208 0.003704
3 0.514844 0.381481 0.001563 0.001852
3 0.518750 0.388426 0.001042 0.002778
3 0.694010 0.392593 0.001563 0.003704
3 0.488802 0.405556 0.009896 0.003704
3 0.547396 0.429167 0.005208 0.008333
3 0.420833 0.431481 0.013542 0.011111
3 0.926823 0.427315 0.001563 0.002778
3 0.488281 0.447222 0.011979 0.014815
3 0.484115 0.462963 0.003646 0.007407
3 0.464062 0.472685 0.019792 0.019444
3 0.437240 0.497685 0.008854 0.004630
3 0.440104 0.511111 0.004167 0.003704
3 0.757812 0.514815 0.007292 0.009259
3 0.618490 0.531019 0.005729 0.004630
