3 0.410417 0.013889 0.015625 0.027778
3 0.708333 0.041204 0.044792 0.047222
3 0.641667 0.120833 0.018750 0.023148
3 0.936719 0.202778 0.004687 0.005556
3 0.572396 0.255556 0.031250 0.025926
3 0.920312 0.309259 0.014583 0.012963
3 0.810677 0.343056 0.005729 0.006481
3 0.466146 0.384259 0.062500 0.087037
3 0.429427 0.419444 0.006771 0.011111
3 0.526823 0.429630 0.031771 0.024074
3 0.690104 0.448148 0.010417 0.014815
3 0.542708 0.487500 0.020833 0.028704
3 0.381771 0.569444 0.008333 0.011111
3 0.231250 0.578704 0.000000 0.000000
3 0.232292 0.588889 0.022917 0.018519
3 0.264583 0.602315 0.011458 0.006481
3 0.813542 0.630093 0.006250 0.010185
3 0.163281 0.668981 0.051562 0.069444
3 0.571875 0.637963 0.006250 0.005556
3 0.189323 0.692130 0.028646 0.023148
