3 0.024740 0.056944 0.004687 0.008333
3 0.694792 0.071759 0.006250 0.012037
3 0.872396 0.089815 0.000000 0.000000
3 0.326042 0.134259 0.012500 0.011111
3 0.796615 0.311111 0.013021 0.020370
3 0.799479 0.306481 0.000000 0.000000
3 0.803125 0.313889 0.000000 0.000000
3 0.803906 0.314815 0.000521 0.000000
3 0.825521 0.343519 0.015625 0.018519
3 0.753906 0.359722 0.014063 0.015741
3 0.746354 0.352778 0.000000 0.000000
3 0.378906 0.416204 0.011979 0.017593
3 0.237500 0.468056 0.005208 0.006481
3 0.621615 0.500000 0.011979 0.020370
3 0.861719 0.536111 0.033854 0.044444
3 0.621875 0.526389 0.015625 0.023148
3 0.822656 0.579630 0.014063 0.018519
3 0.620052 0.622685 0.033854 0.036111
3 0.056250 0.628704 0.005208 0.009259
3 0.407552 0.716204 0.022396 0.043519
3 0.687500 0.847222 0.056250 0.092593
3 0.552604 0.831019 0.006250 0.010185
3 0.776042 0.878241 0.027083 0.032407
3 0.396094 0.914815 0.005729 0.011111
