3 0.151562 0.034722 0.009375 0.015741
3 0.869271 0.076852 0.009375 0.009259
3 0.417708 0.087963 0.005208 0.007407
3 0.955729 0.099074 0.019792 0.016667
3 0.681771 0.141204 0.036458 0.013889
3 0.098437 0.170370 0.035417 0.024074
3 0.405208 0.174537 0.012500 0.017593
3 0.619531 0.193519 0.011979 0.012963
3 0.539323 0.218981 0.008854 0.012037
3 0.463542 0.293519 0.023958 0.025926
3 0.266667 0.298611 0.006250 0.006481
3 0.664062 0.354167 0.081250 0.093519
3 0.196094 0.410648 0.077604 0.095370
3 0.490885 0.387500 0.005729 0.010185
3 0.846875 0.452778 0.039583 0.012963
3 0.274479 0.485648 0.037500 0.034259
3 0.720573 0.582407 0.010937 0.016667
3 0.894531 0.581944 0.014063 0.012037
3 0.024740 0.628704 0.003646 0.005556
