3 0.211198 0.109259 0.002604 0.005556
3 0.697917 0.147222 0.002083 0.003704
3 0.528646 0.201389 0.007292 0.012037
3 0.720313 0.275926 0.006250 0.012963
3 0.524479 0.285648 0.007292 0.017593
3 0.470573 0.301389 0.013021 0.019444
3 0.490885 0.348148 0.005729 0.005556
3 0.828125 0.352315 0.008333 0.012037
3 0.758594 0.357407 0.006771 0.009259
3 0.473958 0.358333 0.002083 0.003704
3 0.515365 0.401852 0.005729 0.009259
3 0.914323 0.430556 0.005729 0.007407
3 0.773177 0.440278 0.002604 0.004630
3 0.511198 0.449074 0.010937 0.020370
3 0.926042 0.456019 0.002083 0.002778
3 0.447135 0.475000 0.010937 0.018519
3 0.751042 0.482870 0.002083 0.004630
3 0.546094 0.528241 0.001563 0.004630
3 0.465104 0.551852 0.027083 0.040741
3 0.573177 0.568519 0.006771 0.018519
3 0.335417 0.562963 0.002083 0.003704
3 0.797396 0.593056 0.005208 0.006481
3 0.691406 0.614815 0.002604 0.003704
3 0.536198 0.687963 0.009896 0.012963
3 0.467708 0.711111 0.021875 0.029630
3 0.383073 0.781481 0.008854 0.011111
3 0.654167 0.786111 0.004167 0.005556
3 0.996615 0.890741 0.002604 0.003704
