3 0.646615 0.155556 0.029687 0.040741
3 0.373958 0.331481 0.012500 0.014815
3 0.795833 0.456481 0.051042 0.044444
3 0.411458 0.506944 0.046875 0.058333
3 0.418229 0.514815 0.000000 0.000000
3 0.788802 0.575926 0.022396 0.029630
3 0.796354 0.562963 0.000000 0.000000
3 0.837500 0.819907 0.092708 0.171296
3 0.565365 0.831019 0.014063 0.015741
3 0.219792 0.878704 0.000000 0.000000
3 0.214323 0.889352 0.014063 0.017593
3 0.220312 0.880556 0.000000 0.000000
3 0.221615 0.882870 0.000521 0.000926
3 0.339062 0.956481 0.017708 0.016667
