3 0.901823 0.062963 0.015104 0.016667
3 0.431510 0.074537 0.011979 0.017593
3 0.319792 0.075000 0.005208 0.007407
3 0.676302 0.152315 0.011979 0.017593
3 0.996094 0.152315 0.006771 0.008333
3 0.170833 0.166204 0.005208 0.008333
3 0.783073 0.207870 0.025521 0.032407
3 0.558333 0.317130 0.023958 0.037963
3 0.701302 0.313889 0.005729 0.009259
3 0.598437 0.369907 0.005208 0.012037
3 0.842187 0.488889 0.060417 0.092593
3 0.939844 0.502778 0.028646 0.027778
3 0.446354 0.549074 0.030208 0.033333
3 0.700000 0.842593 0.075000 0.081481
