3 0.576823 0.004630 0.001563 0.001852
3 0.735677 0.096296 0.003646 0.005556
3 0.844531 0.125926 0.002604 0.001852
3 0.385417 0.212963 0.005208 0.007407
3 0.496875 0.234722 0.003125 0.002778
3 0.355990 0.255093 0.004687 0.006481
3 0.796094 0.279630 0.005729 0.005556
3 0.500000 0.282407 0.002083 0.001852
3 0.758854 0.303241 0.005208 0.006481
3 0.787760 0.351852 0.005729 0.007407
3 0.542188 0.350926 0.004167 0.003704
3 0.561979 0.359259 0.007292 0.009259
3 0.749479 0.371296 0.005208 0.005556
3 0.977865 0.398148 0.002604 0.001852
3 0.737760 0.430556 0.004687 0.003704
3 0.562760 0.453241 0.001563 0.002778
3 0.773698 0.459722 0.009896 0.010185
3 0.587240 0.459259 0.002604 0.001852
3 0.748177 0.462963 0.006771 0.005556
3 0.744010 0.481944 0.001563 0.002778
3 0.533854 0.490278 0.004167 0.006481
3 0.700260 0.501389 0.004687 0.010185
3 0.749219 0.498148 0.002604 0.003704
3 0.621094 0.502778 0.003646 0.005556
3 0.761979 0.520370 0.011458 0.007407
3 0.785677 0.547222 0.016146 0.027778
3 0.777083 0.537037 0.000000 0.000000
3 0.119792 0.567593 0.002083 0.003704
3 0.828646 0.618519 0.023958 0.024074
3 0.822396 0.626852 0.008333 0.011111
3 0.929167 0.740741 0.009375 0.009259
