3 0.840625 0.029630 0.007292 0.007407
3 0.615365 0.077315 0.002604 0.002778
3 0.746615 0.146296 0.002604 0.003704
3 0.591406 0.156944 0.008854 0.013889
3 0.550781 0.220370 0.007812 0.011111
3 0.662240 0.235648 0.007812 0.013889
3 0.441667 0.239352 0.012500 0.013889
3 0.892448 0.270370 0.006771 0.009259
3 0.594531 0.340278 0.011979 0.019444
3 0.521354 0.337963 0.003125 0.003704
3 0.259635 0.343981 0.003646 0.002778
3 0.576042 0.347685 0.003125 0.004630
3 0.616667 0.421759 0.017708 0.019444
3 0.754167 0.419444 0.008333 0.011111
3 0.713542 0.422222 0.008333 0.007407
3 0.416667 0.451389 0.022917 0.041667
3 0.869271 0.436574 0.008333 0.012037
3 0.437500 0.493056 0.012500 0.017593
3 0.553646 0.543056 0.023958 0.047222
3 0.688802 0.579167 0.020313 0.026852
3 0.597135 0.636111 0.014063 0.020370
3 0.364063 0.658333 0.009375 0.011111
3 0.590885 0.887500 0.011979 0.021296
3 0.532031 0.921296 0.004687 0.005556
