3 0.350260 0.075926 0.001563 0.001852
3 0.118490 0.111111 0.004687 0.005556
3 0.032292 0.121296 0.008333 0.007407
3 0.225260 0.161574 0.003646 0.002778
3 0.301563 0.194444 0.005208 0.007407
3 0.309635 0.211574 0.004687 0.006481
3 0.252344 0.228241 0.004687 0.006481
3 0.093229 0.232407 0.003125 0.003704
3 0.394531 0.293519 0.009896 0.007407
3 0.473177 0.296759 0.001563 0.000926
3 0.319010 0.301852 0.002604 0.001852
3 0.217448 0.314815 0.004687 0.005556
3 0.332552 0.339815 0.002604 0.003704
3 0.301042 0.341204 0.002083 0.002778
3 0.228125 0.358796 0.005208 0.002778
3 0.280990 0.396759 0.011979 0.012037
3 0.345573 0.417130 0.001563 0.000926
3 0.412760 0.430556 0.016146 0.024074
3 0.077604 0.429167 0.006250 0.006481
3 0.257031 0.437500 0.011979 0.010185
3 0.398177 0.453704 0.008854 0.009259
3 0.327604 0.471296 0.021875 0.024074
3 0.305208 0.496296 0.007292 0.005556
3 0.444271 0.544907 0.005208 0.004630
3 0.381250 0.554167 0.002083 0.002778
