2 0.292969 0.450495 0.021484 0.029703
2 0.266113 0.425743 0.028320 0.031117
2 0.237305 0.461103 0.039062 0.039604
2 0.276367 0.515559 0.023438 0.029703
2 0.197754 0.390382 0.022461 0.031117
2 0.166504 0.344413 0.028320 0.041018
2 0.126953 0.410891 0.029297 0.035361
2 0.056641 0.474540 0.037109 0.029703
2 0.094238 0.519095 0.036133 0.022631
2 0.093750 0.537482 0.025391 0.022631
2 0.126465 0.521216 0.018555 0.026874
2 0.164062 0.503536 0.023438 0.033946
2 0.167969 0.557992 0.027344 0.032532
2 0.114258 0.451909 0.023438 0.021216
