2 0.655273 0.400735 0.689453 0.207353
2 0.703125 0.391912 0.013672 0.016176
2 0.640137 0.411029 0.014648 0.016176
2 0.593262 0.416176 0.014648 0.008824
2 0.575684 0.414706 0.012695 0.011765
2 0.574219 0.432353 0.009766 0.011765
2 0.532227 0.444118 0.011719 0.011765
2 0.532227 0.432353 0.013672 0.011765
2 0.549805 0.413971 0.011719 0.013235
2 0.558105 0.408824 0.012695 0.011765
2 0.572266 0.391176 0.009766 0.011765
2 0.566406 0.392647 0.009766 0.008824
2 0.548828 0.402206 0.015625 0.013235
2 0.512207 0.394118 0.010742 0.008824
2 0.509277 0.405882 0.012695 0.011765
2 0.503906 0.427206 0.007812 0.007353
2 0.499512 0.444118 0.008789 0.005882
2 0.501953 0.461029 0.013672 0.010294
2 0.552246 0.489706 0.014648 0.008824
2 0.561523 0.348529 0.011719 0.008824
2 0.571289 0.366176 0.009766 0.011765
2 0.579102 0.372059 0.009766 0.014706
2 0.580566 0.356618 0.012695 0.013235
2 0.588867 0.341912 0.013672 0.013235
2 0.593750 0.351471 0.009766 0.011765
2 0.614258 0.357353 0.015625 0.011765
2 0.622559 0.347794 0.010742 0.013235
2 0.629883 0.340441 0.011719 0.010294
2 0.633301 0.358088 0.010742 0.010294
2 0.632812 0.372059 0.013672 0.008824
