2 0.594238 0.359813 0.024414 0.028037
2 0.631836 0.362150 0.023438 0.026480
2 0.888672 0.197040 0.035156 0.038941
2 0.811035 0.189252 0.024414 0.023364
2 0.664551 0.129283 0.028320 0.037383
2 0.640137 0.123053 0.024414 0.034268
2 0.743652 0.307632 0.028320 0.032710
2 0.793457 0.329439 0.022461 0.029595
2 0.757812 0.389408 0.029297 0.024922
2 0.721191 0.401090 0.036133 0.029595
2 0.712402 0.380062 0.024414 0.024922
2 0.715332 0.355919 0.030273 0.029595
2 0.687012 0.362928 0.028320 0.037383
2 0.662109 0.361371 0.027344 0.034268
2 0.656738 0.335670 0.034180 0.032710
2 0.631836 0.338785 0.029297 0.029595
