2 0.101074 0.293510 0.055664 0.082596
2 0.159180 0.455015 0.029297 0.028024
2 0.292480 0.346608 0.061523 0.070796
2 0.426758 0.162242 0.044922 0.044248
2 0.383301 0.457227 0.030273 0.020649
2 0.477051 0.444690 0.014648 0.022124
2 0.488770 0.462389 0.018555 0.022124
2 0.520996 0.462389 0.028320 0.030973
2 0.536621 0.440265 0.020508 0.030973
2 0.568359 0.441740 0.017578 0.022124
2 0.580566 0.446165 0.014648 0.030973
2 0.593750 0.436578 0.013672 0.020649
2 0.619629 0.455015 0.024414 0.028024
2 0.904785 0.447640 0.018555 0.013274
2 0.884277 0.456490 0.012695 0.019174
