2 0.715332 0.406480 0.036133 0.050074
2 0.681641 0.463918 0.021484 0.029455
2 0.640625 0.478645 0.013672 0.014728
2 0.639648 0.474963 0.023438 0.019146
2 0.628906 0.452135 0.021484 0.017673
2 0.617676 0.446981 0.018555 0.019146
2 0.601562 0.468336 0.019531 0.020619
2 0.584473 0.444772 0.018555 0.017673
2 0.599121 0.435935 0.020508 0.023564
2 0.526367 0.474227 0.029297 0.023564
2 0.548828 0.421208 0.015625 0.023564
2 0.560547 0.415317 0.015625 0.020619
2 0.563965 0.431517 0.016602 0.020619
2 0.579590 0.421944 0.028320 0.025037
2 0.542480 0.390280 0.030273 0.023564
2 0.505371 0.385125 0.026367 0.025037
2 0.494141 0.416789 0.021484 0.020619
2 0.487305 0.405007 0.023438 0.023564
2 0.450684 0.458027 0.022461 0.020619
2 0.439941 0.508837 0.022461 0.022091
2 0.430176 0.508837 0.018555 0.019146
2 0.409668 0.513255 0.016602 0.019146
2 0.326172 0.519146 0.019531 0.027982
2 0.247070 0.522828 0.023438 0.023564
2 0.217285 0.460236 0.030273 0.030928
2 0.276855 0.427099 0.026367 0.029455
2 0.335938 0.458027 0.023438 0.020619
2 0.337402 0.387334 0.028320 0.029455
2 0.288574 0.374816 0.030273 0.030928
2 0.413086 0.373343 0.023438 0.027982
2 0.411621 0.344624 0.028320 0.023564
2 0.435547 0.323270 0.019531 0.019146
2 0.357910 0.301178 0.020508 0.019146
2 0.378906 0.314433 0.019531 0.025037
2 0.403809 0.324006 0.024414 0.023564
2 0.408203 0.346834 0.019531 0.019146
2 0.429199 0.343888 0.016602 0.025037
2 0.444824 0.343152 0.014648 0.014728
2 0.450684 0.369661 0.014648 0.017673
2 0.474121 0.367452 0.020508 0.030928
2 0.335938 0.291605 0.019531 0.023564
2 0.320312 0.296024 0.021484 0.017673
2 0.299805 0.307069 0.029297 0.025037
2 0.276367 0.308542 0.029297 0.022091
2 0.258301 0.328424 0.034180 0.026510
2 0.240234 0.336524 0.027344 0.027982
2 0.217285 0.335052 0.026367 0.025037
2 0.196777 0.329897 0.022461 0.020619
2 0.175293 0.340943 0.024414 0.022091
2 0.159180 0.371134 0.031250 0.032401
2 0.101562 0.521355 0.021484 0.029455
2 0.055176 0.529455 0.024414 0.022091
2 0.014160 0.522091 0.022461 0.025037
2 0.538086 0.384389 0.017578 0.023564
