2 0.740234 0.586466 0.021484 0.063158
2 0.615723 0.548120 0.026367 0.055639
2 0.597656 0.592481 0.027344 0.054135
2 0.578125 0.512030 0.021484 0.043609
2 0.549805 0.488722 0.037109 0.042105
2 0.624023 0.464662 0.023438 0.048120
2 0.643066 0.436090 0.024414 0.045113
2 0.605957 0.424060 0.022461 0.042105
2 0.609863 0.398496 0.018555 0.039098
2 0.588867 0.384962 0.019531 0.051128
2 0.566406 0.387218 0.021484 0.055639
2 0.530762 0.426316 0.030273 0.040602
2 0.548340 0.417293 0.020508 0.049624
2 0.552734 0.460150 0.027344 0.033083
2 0.486328 0.418797 0.037109 0.040602
2 0.492676 0.384211 0.026367 0.034586
2 0.519531 0.381955 0.023438 0.045113
2 0.059570 0.618045 0.035156 0.060150
2 0.073242 0.571429 0.021484 0.036090
2 0.114258 0.565414 0.015625 0.051128
2 0.140137 0.563158 0.032227 0.052632
2 0.164551 0.558647 0.014648 0.040602
2 0.190430 0.559398 0.019531 0.048120
2 0.213379 0.554135 0.018555 0.034586
2 0.228516 0.566165 0.029297 0.034586
2 0.234863 0.595489 0.018555 0.039098
2 0.279785 0.590226 0.034180 0.037594
2 0.267578 0.618045 0.033203 0.036090
2 0.385254 0.519549 0.024414 0.049624
2 0.406738 0.509774 0.018555 0.048120
2 0.415527 0.465414 0.014648 0.058647
2 0.433105 0.486466 0.020508 0.055639
2 0.460938 0.459398 0.021484 0.046617
2 0.479492 0.465414 0.017578 0.031579
2 0.220703 0.503759 0.025391 0.048120
2 0.253906 0.493233 0.017578 0.051128
2 0.262695 0.466165 0.015625 0.027068
2 0.246582 0.466917 0.014648 0.034586
2 0.232422 0.463158 0.019531 0.039098
2 0.188965 0.469925 0.018555 0.034586
2 0.205566 0.475940 0.022461 0.037594
2 0.149414 0.436090 0.017578 0.045113
2 0.138184 0.457895 0.016602 0.019549
2 0.105957 0.418797 0.028320 0.046617
2 0.079102 0.459398 0.015625 0.031579
2 0.070801 0.483459 0.022461 0.043609
2 0.049805 0.470677 0.019531 0.042105
2 0.040039 0.465414 0.019531 0.040602
2 0.017090 0.447368 0.024414 0.028571
2 0.008789 0.478195 0.015625 0.030075
2 0.061523 0.458647 0.013672 0.033083
2 0.075684 0.455639 0.016602 0.027068
2 0.166504 0.440602 0.016602 0.024060
2 0.182617 0.437594 0.019531 0.027068
2 0.193848 0.430075 0.012695 0.042105
2 0.202148 0.438346 0.013672 0.037594
2 0.213867 0.433083 0.007812 0.030075
2 0.224121 0.427820 0.016602 0.040602
2 0.237305 0.426316 0.015625 0.025564
2 0.249023 0.438346 0.015625 0.028571
2 0.286133 0.415038 0.011719 0.033083
2 0.266602 0.421805 0.015625 0.037594
2 0.298828 0.418797 0.011719 0.040602
2 0.307129 0.420301 0.008789 0.031579
2 0.320801 0.419549 0.016602 0.030075
2 0.341797 0.418045 0.021484 0.036090
2 0.360840 0.411278 0.014648 0.043609
2 0.388672 0.397744 0.015625 0.028571
2 0.396484 0.421053 0.015625 0.042105
2 0.411621 0.399248 0.010742 0.043609
2 0.402344 0.387970 0.007812 0.021053
2 0.438965 0.410526 0.016602 0.045113
2 0.459961 0.402256 0.011719 0.043609
2 0.453613 0.395489 0.014648 0.042105
2 0.630371 0.385714 0.024414 0.037594
2 0.650879 0.385714 0.014648 0.037594
2 0.670410 0.417293 0.026367 0.043609
2 0.666992 0.403759 0.019531 0.028571
2 0.674316 0.389474 0.016602 0.033083
2 0.665039 0.372180 0.015625 0.031579
2 0.703125 0.425564 0.021484 0.042105
2 0.700195 0.401504 0.013672 0.039098
2 0.691406 0.387970 0.019531 0.039098
2 0.710938 0.378947 0.013672 0.036090
2 0.725098 0.380451 0.018555 0.045113
2 0.738770 0.418045 0.018555 0.036090
2 0.762207 0.435338 0.024414 0.046617
2 0.769531 0.548872 0.017578 0.051128
2 0.830078 0.449624 0.021484 0.045113
2 0.855469 0.454887 0.021484 0.034586
2 0.871582 0.460902 0.018555 0.040602
2 0.888184 0.465414 0.016602 0.046617
2 0.914062 0.465414 0.015625 0.037594
2 0.903320 0.465414 0.019531 0.037594
2 0.916504 0.443609 0.020508 0.036090
2 0.942871 0.446617 0.028320 0.042105
2 0.953613 0.484962 0.026367 0.040602
2 0.977051 0.478195 0.018555 0.045113
2 0.992188 0.485714 0.011719 0.027068
2 0.960938 0.406767 0.023438 0.046617
2 0.747559 0.360150 0.020508 0.037594
2 0.741699 0.346617 0.014648 0.028571
2 0.767578 0.383459 0.015625 0.045113
2 0.755371 0.391729 0.018555 0.043609
2 0.772461 0.351128 0.013672 0.037594
2 0.786621 0.342857 0.014648 0.030075
2 0.791016 0.359398 0.015625 0.027068
2 0.788574 0.386466 0.018555 0.042105
2 0.803711 0.357895 0.013672 0.045113
2 0.810059 0.381203 0.018555 0.037594
2 0.827148 0.351128 0.011719 0.022556
2 0.822754 0.369173 0.012695 0.025564
2 0.833496 0.372180 0.012695 0.034586
2 0.835449 0.395489 0.020508 0.039098
2 0.843262 0.375188 0.012695 0.037594
2 0.855957 0.377444 0.014648 0.033083
2 0.851562 0.357143 0.009766 0.019549
2 0.861816 0.351880 0.008789 0.036090
2 0.892090 0.355639 0.014648 0.031579
2 0.885254 0.390226 0.014648 0.040602
2 0.874512 0.392481 0.016602 0.042105
2 0.922852 0.369173 0.021484 0.040602
2 0.899414 0.372932 0.009766 0.036090
2 0.959961 0.376692 0.013672 0.037594
2 0.969238 0.383459 0.012695 0.030075
2 0.988281 0.381955 0.019531 0.027068
2 0.995117 0.387970 0.009766 0.027068
