0 0.603905 0.565430 0.036262 0.017578
0 0.549512 0.586914 0.033473 0.017578
0 0.507671 0.612793 0.033473 0.016602
0 0.463738 0.634766 0.037657 0.017578
0 0.901674 0.826172 0.034868 0.015625
0 0.882148 0.832520 0.040446 0.016602
0 0.304045 0.622070 0.030683 0.021484
0 0.194561 0.580078 0.037657 0.019531
0 0.183403 0.615234 0.034868 0.013672
0 0.069735 0.527832 0.033473 0.018555
0 0.190377 0.337891 0.071130 0.058594
0 0.253835 0.336914 0.055788 0.025391
0 0.278243 0.354004 0.062762 0.024414
0 0.344491 0.352539 0.041841 0.042969
0 0.303347 0.794434 0.032078 0.016602
0 0.278940 0.798340 0.030683 0.018555
0 0.264993 0.803711 0.025105 0.015625
0 0.272664 0.815918 0.026499 0.018555
0 0.281032 0.827637 0.026499 0.014648
0 0.291492 0.809570 0.025105 0.015625
