2 0.248047 0.752398 0.123047 0.181055
2 0.099121 0.669664 0.118164 0.130695
2 0.117188 0.553957 0.115234 0.107914
2 0.197266 0.570743 0.099609 0.112710
2 0.284180 0.561151 0.082031 0.076739
2 0.221191 0.508393 0.067383 0.064748
2 0.177734 0.456835 0.085938 0.069544
2 0.119141 0.469424 0.080078 0.053957
2 0.267090 0.449640 0.083008 0.107914
2 0.387695 0.383094 0.148438 0.073141
2 0.537598 0.341727 0.059570 0.050360
2 0.535645 0.383094 0.047852 0.041966
2 0.619629 0.357914 0.047852 0.058753
2 0.817383 0.341127 0.080078 0.061151
2 0.929199 0.307554 0.051758 0.068345
2 0.897461 0.159472 0.058594 0.074341
2 0.744629 0.077338 0.096680 0.053957
2 0.592285 0.197842 0.110352 0.117506
2 0.379395 0.238010 0.073242 0.061151
2 0.313965 0.242206 0.077148 0.059952
2 0.297363 0.301559 0.061523 0.058753
2 0.191406 0.234412 0.085938 0.051559
2 0.193359 0.298561 0.037109 0.057554
2 0.215332 0.347722 0.034180 0.028777
2 0.242676 0.051559 0.053711 0.031175
2 0.343750 0.097122 0.046875 0.040767
2 0.396484 0.083333 0.056641 0.049161
2 0.112793 0.112710 0.045898 0.064748
2 0.045410 0.183453 0.051758 0.028777
2 0.086426 0.229017 0.053711 0.031175
2 0.470703 0.524580 0.056641 0.061151
