1 0.288574 0.434846 0.055664 0.120059
1 0.245605 0.455344 0.065430 0.114202
1 0.156738 0.461933 0.088867 0.130307
1 0.109863 0.453880 0.075195 0.120059
1 0.043945 0.443631 0.058594 0.105417
1 0.358398 0.442899 0.080078 0.109810
1 0.421875 0.404100 0.099609 0.111274
1 0.493164 0.443631 0.093750 0.137628
1 0.612305 0.473646 0.070312 0.144949
1 0.630371 0.426794 0.057617 0.103953
1 0.722168 0.436310 0.084961 0.152269
1 0.797363 0.448023 0.092773 0.152269
1 0.875488 0.442167 0.079102 0.146413
1 0.956543 0.432650 0.081055 0.124451
1 0.969727 0.524158 0.060547 0.155198
