2 0.144531 0.348752 0.064453 0.086637
2 0.204590 0.362702 0.047852 0.067548
2 0.189453 0.203377 0.041016 0.054332
2 0.021484 0.243759 0.041016 0.079295
2 0.378418 0.229809 0.032227 0.030837
2 0.431641 0.152717 0.027344 0.044053
2 0.789551 0.243759 0.047852 0.085169
2 0.642090 0.265051 0.045898 0.069016
2 0.554688 0.282673 0.050781 0.051395
2 0.325195 0.388399 0.056641 0.077827
2 0.380371 0.389868 0.055664 0.060206
2 0.416016 0.372247 0.035156 0.071953
2 0.473145 0.332599 0.059570 0.057269
2 0.471680 0.406021 0.072266 0.101322
2 0.526855 0.509545 0.047852 0.067548
2 0.392578 0.521292 0.113281 0.161527
2 0.596191 0.543319 0.077148 0.079295
2 0.748047 0.536711 0.085938 0.107195
2 0.761230 0.620411 0.053711 0.124816
2 0.746094 0.374449 0.041016 0.070485
2 0.683594 0.407489 0.076172 0.118943
2 0.605469 0.419971 0.056641 0.070485
2 0.542480 0.378120 0.047852 0.060206
2 0.064453 0.190896 0.033203 0.038179
2 0.939453 0.081498 0.019531 0.030837
2 0.982422 0.037445 0.021484 0.033774
2 0.962402 0.011013 0.020508 0.019090
2 0.751465 0.491924 0.057617 0.085169
2 0.010742 0.005874 0.019531 0.008811
