2 0.949707 0.389974 0.100586 0.118490
2 0.947754 0.302734 0.051758 0.115885
2 0.904785 0.255859 0.053711 0.121094
2 0.805664 0.356120 0.060547 0.128906
2 0.867676 0.355469 0.067383 0.216146
2 0.761719 0.277995 0.101562 0.095052
2 0.687500 0.265625 0.085938 0.114583
2 0.714355 0.346354 0.036133 0.132812
2 0.692871 0.124349 0.047852 0.037760
2 0.776855 0.125000 0.049805 0.046875
2 0.514160 0.097005 0.051758 0.037760
2 0.595703 0.071615 0.052734 0.036458
2 0.709473 0.065755 0.051758 0.032552
2 0.901367 0.053385 0.048828 0.031250
2 0.978516 0.138021 0.035156 0.041667
2 0.155273 0.121094 0.046875 0.033854
2 0.098145 0.181641 0.051758 0.079427
2 0.036621 0.188802 0.036133 0.111979
2 0.022949 0.308594 0.043945 0.093750
2 0.102539 0.306641 0.138672 0.126302
2 0.176758 0.371745 0.078125 0.123698
2 0.228516 0.247396 0.056641 0.088542
2 0.270508 0.192708 0.048828 0.096354
2 0.194336 0.198568 0.087891 0.076823
2 0.045410 0.819010 0.057617 0.072917
2 0.079590 0.817708 0.061523 0.119792
2 0.122559 0.853516 0.102539 0.175781
2 0.053223 0.927083 0.059570 0.111979
2 0.166504 0.942057 0.098633 0.115885
2 0.196777 0.901042 0.065430 0.085938
2 0.259277 0.865234 0.083008 0.082031
2 0.330078 0.889974 0.080078 0.092448
2 0.357910 0.934896 0.137695 0.091146
2 0.312500 0.959635 0.107422 0.080729
2 0.437500 0.956380 0.107422 0.087240
2 0.557129 0.940755 0.106445 0.118490
2 0.571777 0.908854 0.077148 0.114583
2 0.658691 0.941406 0.120117 0.117188
2 0.699707 0.965495 0.084961 0.069010
2 0.718262 0.854167 0.092773 0.083333
2 0.637207 0.845052 0.102539 0.088542
2 0.625977 0.794922 0.099609 0.131510
2 0.558594 0.827474 0.078125 0.144531
2 0.535156 0.791016 0.066406 0.121094
2 0.836914 0.921875 0.082031 0.083333
2 0.902344 0.878255 0.082031 0.108073
2 0.977051 0.851562 0.045898 0.135417
2 0.833984 0.830729 0.072266 0.117188
2 0.069824 0.641927 0.041992 0.062500
