2 0.280762 0.780381 0.077148 0.219619
2 0.544922 0.666911 0.083984 0.256223
2 0.570801 0.506589 0.041992 0.073206
2 0.593262 0.505124 0.024414 0.067350
2 0.603516 0.598097 0.087891 0.244510
2 0.658691 0.556369 0.053711 0.067350
2 0.822754 0.478770 0.040039 0.070278
2 0.884766 0.512445 0.039062 0.114202
2 0.915039 0.527086 0.037109 0.090776
2 0.877930 0.467057 0.035156 0.061493
2 0.496094 0.493411 0.044922 0.070278
2 0.495117 0.456808 0.035156 0.052709
2 0.678711 0.448755 0.031250 0.080527
2 0.456543 0.464861 0.034180 0.057101
2 0.436523 0.508053 0.033203 0.058565
2 0.417969 0.538799 0.054688 0.046852
2 0.434570 0.572474 0.056641 0.049780
2 0.451172 0.663250 0.076172 0.122987
2 0.367676 0.661054 0.061523 0.188873
2 0.344238 0.620059 0.069336 0.083455
2 0.302246 0.601025 0.041992 0.089312
2 0.265137 0.552709 0.040039 0.065886
2 0.285645 0.606881 0.018555 0.089312
2 0.232422 0.583455 0.054688 0.045388
2 0.208008 0.638360 0.023438 0.108346
2 0.246094 0.529283 0.076172 0.045388
2 0.232422 0.503660 0.042969 0.038067
2 0.259766 0.463397 0.041016 0.071742
2 0.280273 0.497804 0.021484 0.040996
2 0.310547 0.508785 0.031250 0.042460
2 0.351074 0.500000 0.049805 0.039531
2 0.372070 0.527086 0.027344 0.064422
2 0.404297 0.489751 0.029297 0.045388
2 0.380859 0.465593 0.017578 0.029283
2 0.361328 0.444363 0.015625 0.033675
2 0.336914 0.467789 0.035156 0.039531
2 0.416992 0.461201 0.027344 0.023426
