1 0.186523 0.381510 0.132812 0.226562
1 0.230957 0.518880 0.020508 0.029948
1 0.296875 0.475260 0.041016 0.052083
1 0.037109 0.655599 0.072266 0.123698
1 0.150391 0.669271 0.046875 0.049479
1 0.241211 0.666667 0.023438 0.026042
1 0.346191 0.703776 0.032227 0.042969
1 0.359375 0.572917 0.035156 0.049479
1 0.372559 0.526042 0.022461 0.041667
1 0.364746 0.473958 0.026367 0.044271
1 0.419922 0.458333 0.031250 0.041667
1 0.446777 0.361328 0.038086 0.045573
1 0.451172 0.173177 0.031250 0.039062
1 0.521973 0.391276 0.020508 0.037760
1 0.485840 0.483073 0.026367 0.044271
1 0.521973 0.481771 0.022461 0.033854
1 0.493652 0.570312 0.024414 0.036458
1 0.465332 0.622396 0.024414 0.023438
1 0.519043 0.647786 0.018555 0.035156
1 0.522949 0.712891 0.020508 0.035156
1 0.544922 0.708984 0.029297 0.040365
1 0.599609 0.702474 0.025391 0.037760
1 0.573730 0.574870 0.018555 0.029948
1 0.590820 0.541667 0.017578 0.026042
1 0.608887 0.526042 0.016602 0.023438
1 0.665527 0.583333 0.024414 0.033854
1 0.680176 0.615885 0.024414 0.026042
1 0.670410 0.637370 0.018555 0.032552
1 0.763184 0.637370 0.016602 0.029948
1 0.779785 0.662109 0.022461 0.032552
1 0.834473 0.600911 0.018555 0.027344
1 0.790039 0.559896 0.019531 0.033854
1 0.756348 0.545573 0.028320 0.036458
1 0.735840 0.584635 0.024414 0.039062
1 0.685547 0.507812 0.027344 0.039062
1 0.861816 0.445964 0.036133 0.053385
1 0.896484 0.559896 0.015625 0.028646
1 0.880859 0.599609 0.023438 0.032552
1 0.819336 0.710938 0.021484 0.031250
1 0.839355 0.713542 0.024414 0.041667
