1 0.755371 0.365300 0.250977 0.560761
1 0.854004 0.641288 0.036133 0.079063
1 0.936523 0.414348 0.048828 0.067350
1 0.740723 0.076135 0.043945 0.055637
1 0.625488 0.023426 0.028320 0.038067
1 0.490234 0.075403 0.066406 0.092240
1 0.505371 0.182284 0.053711 0.086384
1 0.604492 0.215959 0.023438 0.045388
1 0.603027 0.423865 0.038086 0.074671
1 0.571777 0.519766 0.057617 0.111274
1 0.506836 0.567350 0.019531 0.033675
1 0.485840 0.632504 0.055664 0.081991
1 0.461914 0.661054 0.019531 0.027818
1 0.294434 0.627379 0.041992 0.065886
1 0.250488 0.580527 0.016602 0.033675
1 0.237305 0.775256 0.027344 0.048316
1 0.242676 0.857247 0.026367 0.042460
1 0.281738 0.904832 0.018555 0.032211
1 0.320801 0.974378 0.036133 0.051245
1 0.298828 0.982430 0.021484 0.032211
1 0.365723 0.854319 0.030273 0.057101
1 0.406250 0.922401 0.027344 0.046852
1 0.466309 0.836018 0.040039 0.055637
1 0.506348 0.775988 0.032227 0.046852
1 0.505859 0.816984 0.029297 0.049780
1 0.539062 0.716691 0.027344 0.039531
1 0.549805 0.767204 0.035156 0.049780
1 0.537598 0.803807 0.030273 0.046852
1 0.543945 0.921669 0.025391 0.051245
1 0.504883 0.924597 0.023438 0.036603
1 0.481934 0.961201 0.036133 0.048316
1 0.682617 0.873353 0.037109 0.051245
1 0.702148 0.898975 0.029297 0.049780
1 0.689941 0.942899 0.032227 0.055637
1 0.658203 0.978770 0.021484 0.024890
1 0.625977 0.959004 0.029297 0.032211
1 0.200684 0.899707 0.014648 0.024890
1 0.126465 0.890922 0.022461 0.024890
1 0.107422 0.966325 0.025391 0.023426
1 0.088379 0.981698 0.034180 0.036603
1 0.086426 0.663250 0.016602 0.029283
1 0.040039 0.767936 0.027344 0.036603
1 0.351074 0.486091 0.034180 0.043924
1 0.413086 0.529283 0.029297 0.051245
1 0.368652 0.388726 0.032227 0.039531
1 0.744629 0.666179 0.020508 0.023426
