1 0.643555 0.389051 0.291016 0.687591
1 0.710449 0.580292 0.040039 0.071533
1 0.672363 0.599270 0.043945 0.074453
1 0.589844 0.740146 0.041016 0.087591
1 0.682129 0.789781 0.084961 0.131387
1 0.815430 0.680292 0.046875 0.070073
1 0.903809 0.628467 0.036133 0.071533
1 0.911621 0.349635 0.079102 0.127007
1 0.115234 0.317518 0.150391 0.170803
1 0.145020 0.678102 0.147461 0.267153
1 0.213867 0.802190 0.039062 0.080292
1 0.292480 0.949635 0.038086 0.051095
1 0.161133 0.973723 0.128906 0.052555
1 0.397461 0.835036 0.158203 0.329927
1 0.481934 0.838686 0.086914 0.264234
1 0.523438 0.889781 0.072266 0.144526
1 0.559570 0.864234 0.044922 0.108029
1 0.525391 0.886861 0.042969 0.097810
1 0.698730 0.959854 0.059570 0.080292
1 0.800781 0.883212 0.062500 0.119708
1 0.830078 0.897080 0.037109 0.103650
1 0.334473 0.512409 0.067383 0.110949
