2 0.121582 0.123698 0.030273 0.044271
2 0.061035 0.193359 0.024414 0.042969
2 0.079590 0.217448 0.024414 0.031250
2 0.030762 0.251302 0.026367 0.041667
2 0.232422 0.175781 0.017578 0.020833
2 0.178223 0.167318 0.026367 0.024740
2 0.150391 0.193359 0.027344 0.019531
2 0.317871 0.129557 0.030273 0.032552
2 0.281738 0.190104 0.041992 0.033854
2 0.493164 0.192057 0.037109 0.016927
2 0.907227 0.036458 0.029297 0.033854
2 0.627930 0.804688 0.039062 0.059896
2 0.637695 0.530599 0.724609 0.451823
2 0.798828 0.830729 0.052734 0.046875
2 0.897461 0.871745 0.025391 0.027344
2 0.960449 0.804036 0.026367 0.032552
2 0.977539 0.818359 0.025391 0.029948
2 0.494629 0.835938 0.024414 0.026042
2 0.215820 0.850911 0.035156 0.032552
2 0.167480 0.849609 0.032227 0.024740
