2 0.199219 0.654948 0.033203 0.039062
2 0.239258 0.636719 0.027344 0.041667
2 0.233887 0.590495 0.026367 0.029948
2 0.217773 0.550130 0.019531 0.035156
2 0.178711 0.604818 0.015625 0.035156
2 0.205566 0.621745 0.026367 0.032552
2 0.164551 0.589193 0.026367 0.035156
2 0.154297 0.619141 0.031250 0.027344
2 0.140137 0.639323 0.022461 0.033854
2 0.116211 0.637370 0.017578 0.032552
2 0.086914 0.626302 0.027344 0.033854
2 0.051270 0.647786 0.022461 0.045573
2 0.034668 0.636068 0.038086 0.032552
2 0.289551 0.610026 0.028320 0.027344
2 0.326660 0.603516 0.030273 0.024740
2 0.332520 0.634766 0.024414 0.032552
2 0.383789 0.609375 0.021484 0.052083
2 0.383301 0.543620 0.018555 0.029948
2 0.408203 0.569010 0.027344 0.036458
2 0.428223 0.576172 0.020508 0.022135
2 0.439941 0.599609 0.024414 0.035156
2 0.444336 0.641276 0.025391 0.040365
2 0.475098 0.643880 0.020508 0.042969
2 0.413574 0.658854 0.026367 0.033854
2 0.415039 0.627604 0.027344 0.044271
2 0.495605 0.613281 0.022461 0.044271
2 0.483398 0.520833 0.019531 0.026042
2 0.457031 0.488932 0.013672 0.019531
2 0.438965 0.511068 0.020508 0.029948
2 0.436523 0.530599 0.021484 0.022135
2 0.519531 0.500000 0.019531 0.033854
2 0.534180 0.511719 0.021484 0.026042
2 0.539062 0.524740 0.021484 0.023438
2 0.533691 0.539714 0.016602 0.024740
2 0.528320 0.546224 0.025391 0.029948
2 0.509277 0.563802 0.018555 0.036458
2 0.546387 0.583984 0.018555 0.027344
2 0.552246 0.563802 0.020508 0.028646
2 0.577637 0.575521 0.026367 0.028646
2 0.589355 0.538411 0.020508 0.037760
2 0.572266 0.509766 0.023438 0.024740
2 0.572266 0.527344 0.025391 0.033854
2 0.614746 0.615885 0.026367 0.041667
2 0.658691 0.628906 0.030273 0.046875
2 0.581543 0.635417 0.028320 0.031250
2 0.626953 0.490885 0.027344 0.036458
2 0.602051 0.498698 0.028320 0.023438
2 0.623047 0.526693 0.027344 0.042969
2 0.670410 0.462891 0.022461 0.022135
2 0.687500 0.456380 0.021484 0.032552
2 0.694336 0.400391 0.029297 0.027344
2 0.743652 0.405599 0.028320 0.032552
2 0.820801 0.399740 0.024414 0.031250
2 0.800781 0.457682 0.023438 0.024740
2 0.762207 0.466797 0.030273 0.027344
2 0.757812 0.447266 0.021484 0.027344
2 0.722168 0.457682 0.014648 0.022135
2 0.733398 0.468750 0.023438 0.026042
2 0.716797 0.503906 0.023438 0.026042
2 0.700684 0.517578 0.030273 0.027344
2 0.805176 0.521484 0.028320 0.024740
2 0.827637 0.513021 0.032227 0.039062
2 0.840820 0.570964 0.033203 0.032552
2 0.875977 0.546224 0.023438 0.035156
2 0.895020 0.552734 0.028320 0.029948
2 0.893066 0.509766 0.030273 0.037760
2 0.885742 0.457682 0.025391 0.027344
2 0.915039 0.451823 0.017578 0.033854
2 0.949707 0.443359 0.024414 0.029948
2 0.937500 0.457682 0.019531 0.029948
2 0.956055 0.460286 0.015625 0.029948
2 0.969238 0.464193 0.014648 0.027344
2 0.799316 0.605469 0.045898 0.049479
2 0.969238 0.605469 0.034180 0.036458
