2 0.471680 0.260417 0.064453 0.070312
2 0.595215 0.270833 0.065430 0.049479
2 0.729980 0.310547 0.190430 0.108073
2 0.728027 0.158203 0.043945 0.050781
2 0.619629 0.165365 0.047852 0.067708
2 0.618652 0.036458 0.114258 0.070312
2 0.691406 0.065755 0.064453 0.058594
2 0.935059 0.560547 0.090820 0.105469
2 0.807129 0.490885 0.045898 0.052083
2 0.843750 0.409505 0.044922 0.053385
2 0.904785 0.453776 0.053711 0.053385
2 0.507324 0.430990 0.131836 0.041667
2 0.555176 0.518880 0.092773 0.066406
2 0.457031 0.735026 0.078125 0.053385
2 0.554688 0.845703 0.052734 0.053385
2 0.732422 0.877604 0.060547 0.070312
2 0.356445 0.623698 0.042969 0.036458
2 0.401855 0.625000 0.057617 0.044271
2 0.284180 0.668620 0.033203 0.032552
2 0.312988 0.693359 0.055664 0.055990
2 0.301758 0.754557 0.070312 0.071615
2 0.043945 0.527344 0.080078 0.039062
2 0.261719 0.434896 0.042969 0.049479
2 0.316406 0.420573 0.042969 0.033854
2 0.321777 0.377604 0.057617 0.041667
2 0.058105 0.176432 0.086914 0.053385
2 0.645996 0.385417 0.030273 0.031250
2 0.705566 0.401042 0.038086 0.036458
2 0.487793 0.399089 0.045898 0.037760
2 0.590332 0.345703 0.020508 0.016927
