2 0.590820 0.142578 0.037109 0.042969
2 0.593750 0.177734 0.019531 0.037760
2 0.607422 0.197917 0.015625 0.033854
2 0.627441 0.218750 0.018555 0.041667
2 0.656250 0.242188 0.021484 0.039062
2 0.677246 0.272135 0.018555 0.031250
2 0.691895 0.295573 0.014648 0.023438
2 0.700684 0.316406 0.014648 0.033854
2 0.725098 0.343750 0.012695 0.023438
2 0.745117 0.365234 0.013672 0.022135
2 0.766113 0.381510 0.012695 0.023438
2 0.716797 0.400391 0.017578 0.022135
2 0.687988 0.405599 0.018555 0.027344
2 0.672363 0.415365 0.016602 0.026042
2 0.658203 0.428385 0.015625 0.023438
2 0.638672 0.423177 0.017578 0.023438
2 0.649902 0.447917 0.016602 0.015625
2 0.633789 0.459635 0.019531 0.023438
2 0.636230 0.478516 0.018555 0.022135
2 0.630371 0.501953 0.022461 0.035156
2 0.602539 0.518229 0.011719 0.018229
2 0.557617 0.524089 0.017578 0.029948
2 0.530762 0.536458 0.010742 0.018229
2 0.526367 0.559245 0.023438 0.024740
2 0.515625 0.581380 0.019531 0.022135
2 0.501465 0.593099 0.020508 0.027344
2 0.495117 0.614583 0.015625 0.020833
2 0.482910 0.619792 0.014648 0.031250
2 0.460938 0.632161 0.015625 0.022135
2 0.453125 0.645182 0.017578 0.024740
2 0.438965 0.656250 0.016602 0.018229
2 0.432129 0.673828 0.016602 0.019531
2 0.413086 0.686198 0.021484 0.023438
2 0.383301 0.699870 0.028320 0.019531
2 0.360840 0.720052 0.020508 0.026042
2 0.331055 0.730469 0.017578 0.026042
2 0.314941 0.748698 0.018555 0.023438
2 0.298340 0.757812 0.014648 0.020833
2 0.281250 0.774089 0.031250 0.022135
