2 0.596680 0.492032 0.052734 0.054449
2 0.542480 0.491368 0.028320 0.045153
2 0.403320 0.468792 0.029297 0.045153
2 0.435059 0.474768 0.045898 0.051793
2 0.305664 0.501992 0.060547 0.066401
2 0.340820 0.448207 0.037109 0.041169
2 0.248535 0.445551 0.049805 0.054449
2 0.283691 0.440903 0.043945 0.045153
2 0.116211 0.324701 0.042969 0.049137
2 0.083984 0.351926 0.056641 0.047809
2 0.680664 0.376494 0.044922 0.046481
2 0.658691 0.374502 0.030273 0.047809
2 0.637207 0.361886 0.028320 0.038513
2 0.590332 0.376494 0.030273 0.041169
2 0.545898 0.335989 0.033203 0.039841
2 0.570801 0.320717 0.028320 0.043825
2 0.434082 0.407039 0.045898 0.054449
2 0.377930 0.369190 0.021484 0.037185
2 0.354004 0.391102 0.026367 0.025232
2 0.359863 0.419655 0.038086 0.031873
2 0.297852 0.283533 0.050781 0.035857
2 0.292969 0.327357 0.025391 0.033201
2 0.312500 0.326029 0.025391 0.038513
2 0.328125 0.326693 0.033203 0.034529
2 0.351074 0.332005 0.041992 0.039841
2 0.343262 0.375166 0.032227 0.035857
2 0.248047 0.340637 0.027344 0.038513
2 0.307129 0.371846 0.038086 0.042497
2 0.191895 0.219124 0.045898 0.037185
2 0.198730 0.187251 0.032227 0.042497
2 0.218262 0.169987 0.024414 0.029216
2 0.231445 0.177955 0.033203 0.029216
2 0.259277 0.197211 0.026367 0.043825
2 0.263672 0.151394 0.025391 0.050465
2 0.308105 0.160027 0.036133 0.035857
2 0.349121 0.153386 0.038086 0.054449
2 0.449707 0.233068 0.041992 0.035857
2 0.489746 0.252324 0.034180 0.029216
2 0.522461 0.247676 0.027344 0.038513
2 0.548340 0.215803 0.030273 0.033201
2 0.624512 0.231076 0.026367 0.029216
2 0.637207 0.272908 0.022461 0.041169
2 0.650391 0.279548 0.042969 0.043825
2 0.683594 0.292829 0.031250 0.043825
2 0.715332 0.308101 0.040039 0.047809
2 0.720215 0.260956 0.043945 0.038513
2 0.766113 0.296813 0.028320 0.030544
2 0.571289 0.260956 0.033203 0.025232
2 0.421387 0.306109 0.034180 0.030544
2 0.403809 0.276228 0.028320 0.031873
2 0.397461 0.194555 0.027344 0.033201
2 0.388672 0.158699 0.021484 0.041169
2 0.461426 0.148074 0.032227 0.027888
