2 0.425293 0.678624 0.557617 0.449488
2 0.193359 0.745242 0.144531 0.204978
2 0.242188 0.760615 0.041016 0.150805
2 0.276367 0.755490 0.046875 0.064422
2 0.352051 0.764275 0.067383 0.084919
2 0.478516 0.758419 0.044922 0.067350
2 0.510742 0.773792 0.089844 0.162518
2 0.555176 0.761347 0.040039 0.140556
2 0.583984 0.767936 0.042969 0.077599
2 0.620117 0.771596 0.041016 0.087848
2 0.653809 0.773060 0.047852 0.120059
2 0.844238 0.782577 0.041992 0.045388
2 0.814453 0.775256 0.253906 0.200586
2 0.742188 0.797218 0.029297 0.080527
2 0.087402 0.740849 0.040039 0.046852
2 0.125000 0.754026 0.035156 0.090776
2 0.300781 0.744510 0.033203 0.039531
