1 0.584961 0.415348 0.001953 0.001582
1 0.312500 0.549842 0.148438 0.191456
1 0.078613 0.333070 0.155273 0.248418
1 0.090332 0.617089 0.153320 0.158228
1 0.199219 0.824367 0.083984 0.104430
1 0.047363 0.793513 0.092773 0.137658
1 0.306641 0.902690 0.109375 0.090190
1 0.376465 0.889241 0.043945 0.082278
1 0.409668 0.923259 0.043945 0.052215
1 0.508789 0.926424 0.078125 0.080696
1 0.625488 0.950949 0.104492 0.088608
1 0.716797 0.965190 0.041016 0.050633
1 0.792480 0.971519 0.040039 0.056962
1 0.972168 0.738924 0.043945 0.082278
1 0.834473 0.765032 0.045898 0.064873
