1 0.503418 0.516837 0.094727 0.178624
1 0.676270 0.103953 0.149414 0.204978
1 0.369629 0.513177 0.088867 0.177160
1 0.236816 0.294290 0.100586 0.137628
1 0.131348 0.317716 0.184570 0.336750
1 0.036133 0.653734 0.054688 0.118594
1 0.349121 0.775988 0.143555 0.313324
1 0.449707 0.787701 0.067383 0.111274
1 0.621094 0.746706 0.083984 0.087848
1 0.582520 0.878477 0.063477 0.125915
1 0.566406 0.909956 0.046875 0.080527
1 0.537598 0.910688 0.055664 0.093704
1 0.897949 0.734261 0.204102 0.437775
1 0.838379 0.786969 0.124023 0.262079
1 0.768555 0.788433 0.144531 0.326501
1 0.717285 0.820644 0.096680 0.247438
1 0.654297 0.841874 0.083984 0.184480
1 0.144043 0.896779 0.286133 0.180088
