2 0.306641 0.655599 0.080078 0.100260
2 0.083984 0.749349 0.082031 0.074219
2 0.030273 0.498698 0.058594 0.036458
2 0.063965 0.451172 0.055664 0.058594
2 0.295898 0.510417 0.041016 0.052083
2 0.334473 0.481120 0.051758 0.040365
2 0.354980 0.363932 0.051758 0.058594
2 0.448730 0.384766 0.036133 0.048177
2 0.424805 0.413411 0.050781 0.048177
2 0.520508 0.451172 0.041016 0.022135
2 0.539062 0.484375 0.039062 0.041667
2 0.596680 0.499349 0.058594 0.045573
2 0.765625 0.568359 0.101562 0.061198
2 0.762207 0.634115 0.045898 0.033854
2 0.795898 0.678385 0.054688 0.031250
2 0.836914 0.595703 0.023438 0.024740
2 0.575684 0.591146 0.028320 0.028646
2 0.368652 0.598307 0.026367 0.037760
2 0.053223 0.580729 0.036133 0.036458
2 0.165039 0.475911 0.011719 0.022135
2 0.154785 0.485677 0.014648 0.018229
2 0.128418 0.485677 0.020508 0.015625
2 0.126465 0.469401 0.022461 0.022135
2 0.203613 0.448568 0.018555 0.027344
2 0.230469 0.440755 0.025391 0.024740
2 0.260254 0.448568 0.016602 0.014323
2 0.271973 0.470052 0.016602 0.015625
2 0.283691 0.466146 0.016602 0.015625
2 0.298340 0.475911 0.016602 0.014323
2 0.334473 0.434896 0.012695 0.015625
2 0.326172 0.451172 0.019531 0.016927
2 0.316895 0.465495 0.020508 0.019531
2 0.303223 0.444661 0.014648 0.022135
2 0.288086 0.451823 0.015625 0.013021
2 0.284180 0.444010 0.019531 0.015625
2 0.395020 0.449219 0.012695 0.013021
2 0.406738 0.464844 0.016602 0.018229
2 0.392578 0.469401 0.015625 0.014323
2 0.400879 0.519531 0.026367 0.018229
2 0.556641 0.446615 0.019531 0.020833
2 0.572266 0.444010 0.015625 0.015625
2 0.535645 0.426432 0.024414 0.022135
2 0.525391 0.442708 0.019531 0.018229
2 0.657227 0.440104 0.021484 0.020833
2 0.688477 0.457031 0.017578 0.018229
2 0.713867 0.461589 0.017578 0.027344
2 0.723145 0.478516 0.022461 0.019531
2 0.727051 0.492188 0.024414 0.018229
2 0.765625 0.479818 0.029297 0.022135
2 0.753906 0.447917 0.023438 0.023438
2 0.601562 0.309896 0.023438 0.015625
2 0.507812 0.248698 0.027344 0.018229
2 0.499512 0.212891 0.016602 0.022135
