1 0.485840 0.611679 0.077148 0.134307
1 0.410645 0.613869 0.063477 0.129927
1 0.329102 0.598540 0.068359 0.113869
1 0.385254 0.386861 0.073242 0.154745
1 0.828125 0.437226 0.146484 0.272993
1 0.294922 0.382482 0.587891 0.762044
1 0.746094 0.627007 0.066406 0.121168
1 0.806152 0.635036 0.061523 0.131387
1 0.852051 0.674453 0.081055 0.119708
1 0.905273 0.651825 0.064453 0.141606
1 0.887207 0.564964 0.053711 0.105109
1 0.861328 0.602920 0.050781 0.116788
1 0.976074 0.543796 0.047852 0.164964
1 0.936035 0.545255 0.051758 0.071533
