2 0.285645 0.901760 0.108398 0.120235
2 0.360840 0.793255 0.084961 0.055718
2 0.667969 0.721408 0.125000 0.161290
2 0.567871 0.714076 0.081055 0.061584
2 0.582520 0.634164 0.073242 0.086510
2 0.631348 0.585777 0.075195 0.068915
2 0.649902 0.652493 0.069336 0.079179
2 0.390625 0.634897 0.066406 0.049853
2 0.416016 0.561584 0.062500 0.105572
2 0.166504 0.684751 0.086914 0.134897
2 0.053711 0.763930 0.105469 0.167155
2 0.201660 0.811584 0.106445 0.107038
2 0.144043 0.553519 0.079102 0.086510
2 0.158203 0.336510 0.048828 0.063050
2 0.177246 0.378299 0.086914 0.111437
2 0.075684 0.303519 0.098633 0.102639
2 0.029297 0.398827 0.056641 0.085044
2 0.057129 0.414956 0.051758 0.070381
2 0.265137 0.156158 0.084961 0.045455
2 0.339355 0.162757 0.100586 0.120235
2 0.330566 0.238270 0.057617 0.051320
2 0.683594 0.148827 0.070312 0.086510
2 0.727539 0.074780 0.074219 0.058651
2 0.772461 0.097507 0.054688 0.098240
2 0.834473 0.131965 0.055664 0.076246
2 0.897949 0.183284 0.077148 0.131965
2 0.948730 0.067449 0.073242 0.082111
2 0.169922 0.054985 0.076172 0.068915
2 0.062500 0.107038 0.074219 0.073314
2 0.148438 0.137830 0.078125 0.085044
2 0.497070 0.436217 0.992188 0.869501
