2 0.593750 0.340870 0.033203 0.052174
2 0.668945 0.226957 0.019531 0.040000
2 0.758301 0.139130 0.024414 0.027826
2 0.778809 0.053913 0.018555 0.038261
2 0.751953 0.019130 0.013672 0.013913
2 0.858398 0.167826 0.027344 0.033043
2 0.905273 0.126957 0.019531 0.041739
2 0.928711 0.140870 0.023438 0.041739
2 0.365723 0.514783 0.536133 0.163478
2 0.456055 0.551304 0.042969 0.062609
2 0.104492 0.406957 0.031250 0.055652
2 0.044922 0.475652 0.041016 0.053913
2 0.825195 0.540000 0.031250 0.050435
2 0.888672 0.439130 0.025391 0.036522
2 0.928711 0.406957 0.031250 0.045217
2 0.737793 0.363478 0.208008 0.292174
2 0.903809 0.500870 0.020508 0.041739
2 0.878418 0.518261 0.022461 0.024348
2 0.879395 0.548696 0.020508 0.019130
2 0.892578 0.573913 0.025391 0.031304
2 0.936523 0.565217 0.029297 0.013913
2 0.952148 0.586087 0.031250 0.027826
2 0.990234 0.564348 0.019531 0.033043
2 0.980469 0.477391 0.025391 0.033043
2 0.974121 0.386087 0.022461 0.045217
2 0.989746 0.314783 0.020508 0.020870
2 0.958496 0.290435 0.016602 0.031304
2 0.936523 0.255652 0.003906 0.003478
2 0.947266 0.271304 0.017578 0.034783
2 0.937012 0.229565 0.022461 0.024348
2 0.954102 0.231304 0.019531 0.034783
2 0.971191 0.226087 0.022461 0.027826
2 0.567383 0.355652 0.015625 0.015652
2 0.462402 0.206957 0.030273 0.041739
2 0.401367 0.328696 0.037109 0.034783
2 0.413086 0.403478 0.058594 0.059130
