2 0.215332 0.337321 0.022461 0.027113
2 0.226562 0.324561 0.019531 0.023923
2 0.238770 0.339713 0.022461 0.025518
2 0.247559 0.324561 0.016602 0.020734
2 0.363770 0.212919 0.040039 0.039872
2 0.366211 0.241627 0.037109 0.023923
2 0.387695 0.282297 0.037109 0.044657
2 0.302246 0.326156 0.024414 0.020734
2 0.277344 0.340510 0.025391 0.027113
2 0.772949 0.295853 0.028320 0.033493
2 0.798340 0.332536 0.043945 0.030303
2 0.932129 0.202552 0.014648 0.022329
2 0.944824 0.212121 0.016602 0.028708
2 0.967285 0.208931 0.020508 0.022329
2 0.954590 0.188995 0.018555 0.023923
