2 0.023926 0.653226 0.040039 0.092375
2 0.065430 0.626833 0.035156 0.063050
2 0.126465 0.623167 0.049805 0.049853
2 0.143066 0.529326 0.028320 0.046921
2 0.125488 0.497067 0.041992 0.035191
2 0.125000 0.557185 0.062500 0.058651
2 0.125977 0.407625 0.042969 0.087977
2 0.109375 0.335777 0.041016 0.073314
2 0.181641 0.355572 0.042969 0.074780
2 0.192871 0.438416 0.055664 0.055718
2 0.117188 0.177419 0.046875 0.046921
2 0.135742 0.072581 0.052734 0.071848
2 0.404297 0.128299 0.054688 0.068915
2 0.527344 0.154692 0.060547 0.083578
2 0.366211 0.065249 0.037109 0.027859
2 0.598145 0.094575 0.045898 0.083578
2 0.626953 0.103372 0.031250 0.104106
2 0.856934 0.106305 0.049805 0.077713
2 0.800293 0.149560 0.022461 0.093842
2 0.773438 0.142229 0.029297 0.058651
2 0.933105 0.058651 0.036133 0.087977
2 0.978516 0.049120 0.042969 0.068915
2 0.842773 0.338710 0.025391 0.041056
2 0.833008 0.266862 0.050781 0.058651
2 0.876465 0.305718 0.040039 0.083578
2 0.918945 0.304985 0.041016 0.082111
2 0.939453 0.390762 0.042969 0.074780
2 0.982422 0.411290 0.033203 0.089443
2 0.892090 0.419355 0.040039 0.052786
2 0.843262 0.385630 0.045898 0.058651
2 0.693848 0.539589 0.059570 0.076246
2 0.632324 0.514663 0.041992 0.064516
2 0.595703 0.389296 0.048828 0.065982
2 0.573242 0.329179 0.044922 0.060117
2 0.527832 0.348974 0.043945 0.073314
2 0.455078 0.512463 0.033203 0.051320
2 0.475098 0.552053 0.040039 0.071848
2 0.436035 0.601173 0.043945 0.052786
2 0.392090 0.598974 0.047852 0.060117
2 0.388184 0.542522 0.040039 0.061584
2 0.342285 0.479472 0.032227 0.058651
2 0.329102 0.439883 0.037109 0.029326
2 0.281250 0.702346 0.031250 0.058651
2 0.284668 0.654692 0.030273 0.054252
2 0.254883 0.626100 0.044922 0.064516
2 0.221191 0.609238 0.030273 0.042522
2 0.210449 0.733871 0.036133 0.074780
2 0.192871 0.777859 0.024414 0.027859
2 0.201172 0.810850 0.025391 0.041056
2 0.279785 0.889296 0.045898 0.057185
2 0.328613 0.887097 0.043945 0.049853
2 0.415039 0.945748 0.050781 0.052786
2 0.390625 0.872434 0.044922 0.043988
2 0.533203 0.889296 0.033203 0.051320
2 0.557617 0.899560 0.039062 0.033724
2 0.650391 0.963343 0.058594 0.073314
2 0.746582 0.885630 0.049805 0.038123
2 0.648438 0.794721 0.052734 0.038123
2 0.599121 0.770528 0.055664 0.065982
2 0.522949 0.766862 0.051758 0.058651
2 0.527832 0.728006 0.038086 0.048387
2 0.494141 0.668622 0.056641 0.082111
2 0.454102 0.703079 0.048828 0.051320
2 0.421875 0.674487 0.054688 0.058651
2 0.370117 0.678152 0.041016 0.045455
2 0.324707 0.587977 0.036133 0.052786
2 0.292969 0.540323 0.044922 0.068915
2 0.264648 0.493402 0.060547 0.045455
2 0.305664 0.351906 0.046875 0.064516
2 0.347656 0.335044 0.037109 0.071848
2 0.274414 0.271261 0.039062 0.049853
2 0.245605 0.973607 0.043945 0.052786
2 0.123535 0.964809 0.059570 0.070381
2 0.219238 0.932551 0.040039 0.035191
2 0.744141 0.763196 0.035156 0.048387
2 0.702148 0.723607 0.060547 0.063050
2 0.654785 0.680352 0.055664 0.070381
2 0.653320 0.614370 0.054688 0.064516
2 0.771484 0.723607 0.044922 0.045455
2 0.795898 0.774927 0.035156 0.048387
2 0.848145 0.792522 0.030273 0.045455
2 0.817871 0.861437 0.032227 0.068915
2 0.847656 0.860704 0.050781 0.073314
2 0.890137 0.892962 0.045898 0.055718
2 0.917480 0.801320 0.026367 0.045455
2 0.945801 0.800587 0.036133 0.058651
2 0.945801 0.732405 0.036133 0.054252
2 0.977051 0.758065 0.045898 0.082111
2 0.980469 0.956745 0.039062 0.074780
2 0.889160 0.618035 0.043945 0.045455
2 0.918945 0.571114 0.039062 0.051320
2 0.947754 0.527859 0.040039 0.067449
2 0.973633 0.601173 0.031250 0.061584
2 0.822754 0.572581 0.041992 0.074780
2 0.797363 0.599707 0.051758 0.058651
2 0.764160 0.589443 0.032227 0.046921
2 0.745117 0.551320 0.037109 0.058651
2 0.778809 0.500733 0.041992 0.074780
2 0.762207 0.435484 0.034180 0.064516
2 0.774902 0.409824 0.030273 0.060117
2 0.692871 0.351173 0.047852 0.063050
2 0.674805 0.384897 0.037109 0.042522
2 0.690430 0.423754 0.037109 0.061584
2 0.706543 0.467009 0.038086 0.057185
2 0.398438 0.809384 0.035156 0.049853
2 0.356445 0.826979 0.033203 0.041056
2 0.294434 0.795455 0.043945 0.048387
