2 0.144043 0.201318 0.041992 0.068814
2 0.109863 0.175695 0.032227 0.035139
2 0.179688 0.136164 0.035156 0.049780
2 0.210449 0.166911 0.047852 0.061493
2 0.223633 0.248170 0.031250 0.039531
2 0.234375 0.286969 0.033203 0.035139
2 0.321777 0.278184 0.057617 0.049780
2 0.368652 0.328697 0.036133 0.057101
2 0.359375 0.387262 0.027344 0.048316
2 0.319824 0.396047 0.034180 0.039531
2 0.207520 0.426794 0.032227 0.027818
2 0.807617 0.218887 0.048828 0.068814
2 0.784180 0.150073 0.046875 0.057101
2 0.900879 0.165447 0.049805 0.038067
2 0.954590 0.079063 0.053711 0.064422
2 0.918945 0.245974 0.031250 0.040996
2 0.872559 0.311127 0.032227 0.042460
2 0.836426 0.333089 0.028320 0.042460
2 0.800293 0.337482 0.024414 0.033675
2 0.761230 0.368960 0.028320 0.032211
2 0.725098 0.366764 0.026367 0.019034
2 0.707031 0.348463 0.039062 0.035139
2 0.683105 0.407028 0.030273 0.049780
2 0.718750 0.390922 0.023438 0.029283
2 0.740723 0.479502 0.032227 0.039531
2 0.651367 0.472182 0.027344 0.021962
2 0.604004 0.426794 0.036133 0.036603
2 0.503906 0.382138 0.992188 0.755490
2 0.841797 0.730600 0.021484 0.020498
2 0.820312 0.617130 0.017578 0.016105
2 0.798340 0.630307 0.026367 0.027818
2 0.947754 0.573939 0.020508 0.023426
2 0.959473 0.547584 0.026367 0.020498
2 0.954590 0.486091 0.034180 0.040996
2 0.938965 0.438507 0.020508 0.019034
2 0.937500 0.396047 0.017578 0.024890
