2 0.221680 0.348958 0.117188 0.171875
2 0.316895 0.371745 0.083008 0.194010
2 0.394531 0.425130 0.082031 0.194010
2 0.488281 0.378255 0.117188 0.175781
2 0.206543 0.224609 0.067383 0.128906
2 0.221191 0.263672 0.110352 0.126302
2 0.327637 0.235026 0.090820 0.152344
2 0.365723 0.265625 0.120117 0.109375
2 0.447266 0.234375 0.103516 0.177083
2 0.534668 0.222005 0.147461 0.157552
2 0.658203 0.229167 0.082031 0.171875
2 0.704590 0.187500 0.094727 0.148438
2 0.746094 0.223958 0.125000 0.130208
2 0.795898 0.232422 0.039062 0.066406
2 0.793945 0.329427 0.109375 0.138021
2 0.870117 0.425130 0.121094 0.214844
2 0.879395 0.350260 0.061523 0.052083
