2 0.206543 0.474174 0.073242 0.088843
2 0.307129 0.445248 0.092773 0.175620
2 0.429199 0.336777 0.069336 0.272727
2 0.399902 0.504132 0.077148 0.148760
2 0.362793 0.645661 0.083008 0.171488
2 0.489258 0.544421 0.080078 0.142562
2 0.551270 0.445248 0.047852 0.084711
2 0.681152 0.302686 0.053711 0.212810
2 0.733398 0.384298 0.041016 0.157025
2 0.790527 0.350207 0.084961 0.126033
2 0.848633 0.439050 0.074219 0.159091
2 0.939941 0.448347 0.053711 0.161157
2 0.257324 0.329545 0.071289 0.059917
2 0.197754 0.362603 0.047852 0.097107
