2 0.120117 0.506589 0.056641 0.087848
2 0.167480 0.476574 0.045898 0.089312
2 0.210449 0.496340 0.047852 0.061493
2 0.233887 0.467057 0.016602 0.029283
2 0.250488 0.496340 0.030273 0.061493
2 0.316406 0.456076 0.052734 0.062958
2 0.375488 0.457540 0.047852 0.074671
2 0.426270 0.460469 0.043945 0.062958
2 0.471680 0.464129 0.042969 0.046852
2 0.569336 0.499268 0.048828 0.049780
2 0.658203 0.492679 0.054688 0.065886
2 0.520020 0.444363 0.045898 0.074671
2 0.561035 0.437775 0.026367 0.052709
2 0.579102 0.429722 0.039062 0.051245
2 0.612305 0.454612 0.041016 0.068814
2 0.630859 0.439239 0.031250 0.049780
2 0.640137 0.422401 0.016602 0.033675
2 0.662598 0.437775 0.038086 0.073206
2 0.687012 0.434846 0.038086 0.049780
2 0.708008 0.420205 0.029297 0.032211
2 0.726074 0.438507 0.030273 0.068814
2 0.754883 0.427526 0.035156 0.052709
2 0.777344 0.431918 0.031250 0.064422
2 0.810059 0.429722 0.043945 0.060029
2 0.839355 0.435578 0.040039 0.062958
2 0.862793 0.446559 0.036133 0.052709
2 0.891113 0.441435 0.036133 0.060029
