1 0.625488 0.396476 0.274414 0.660793
1 0.978516 0.441997 0.042969 0.226138
1 0.525879 0.439060 0.059570 0.129222
1 0.561523 0.528634 0.027344 0.067548
1 0.497070 0.555800 0.019531 0.033774
1 0.478516 0.502937 0.035156 0.054332
1 0.438477 0.520558 0.023438 0.060206
1 0.395508 0.456681 0.031250 0.041116
1 0.395508 0.535242 0.015625 0.030837
1 0.405273 0.538913 0.017578 0.038179
1 0.367676 0.552129 0.038086 0.070485
1 0.354492 0.190162 0.062500 0.151248
1 0.253418 0.474302 0.036133 0.070485
1 0.275879 0.577827 0.051758 0.071953
1 0.174805 0.519090 0.029297 0.057269
1 0.346680 0.670338 0.041016 0.054332
1 0.347656 0.713656 0.031250 0.061674
1 0.367676 0.723201 0.018555 0.063142
