2 0.391602 0.375868 0.281250 0.477431
2 0.185547 0.310764 0.142578 0.500000
2 0.288574 0.331597 0.041992 0.059028
2 0.303711 0.387153 0.035156 0.052083
2 0.273926 0.377604 0.030273 0.057292
2 0.246582 0.361111 0.036133 0.059028
2 0.875977 0.185764 0.023438 0.045139
2 0.861328 0.166667 0.021484 0.055556
2 0.911621 0.091146 0.022461 0.032986
2 0.897461 0.191840 0.035156 0.046875
2 0.885742 0.230903 0.019531 0.048611
2 0.861328 0.239583 0.017578 0.055556
2 0.846191 0.271701 0.016602 0.032986
2 0.895020 0.052951 0.014648 0.022569
2 0.911621 0.059896 0.018555 0.029514
