2 0.756348 0.537335 0.081055 0.152269
2 0.848145 0.680820 0.032227 0.111274
2 0.946289 0.735725 0.023438 0.042460
2 0.561035 0.699122 0.063477 0.092240
2 0.529297 0.718155 0.048828 0.074671
2 0.453125 0.714495 0.074219 0.081991
2 0.457031 0.667643 0.017578 0.011713
2 0.397949 0.714495 0.045898 0.114202
2 0.245117 0.730600 0.037109 0.096633
2 0.175293 0.704978 0.032227 0.086384
2 0.041504 0.722548 0.032227 0.074671
2 0.077148 0.928258 0.066406 0.029283
2 0.375977 0.856515 0.037109 0.026354
2 0.167969 0.978770 0.027344 0.019034
2 0.706543 0.866764 0.026367 0.017570
2 0.733398 0.864568 0.019531 0.027818
2 0.771973 0.937775 0.022461 0.024890
2 0.872070 0.823572 0.029297 0.027818
2 0.966797 0.955344 0.035156 0.033675
