2 0.044434 0.723307 0.045898 0.128906
2 0.080566 0.726562 0.047852 0.135417
2 0.138672 0.712240 0.050781 0.106771
2 0.180176 0.722005 0.047852 0.139323
2 0.217285 0.710938 0.043945 0.083333
2 0.257812 0.714193 0.052734 0.092448
2 0.301270 0.708333 0.049805 0.114583
2 0.351562 0.706380 0.048828 0.100260
2 0.388672 0.703125 0.056641 0.101562
2 0.444824 0.722005 0.063477 0.139323
2 0.535156 0.707031 0.041016 0.085938
2 0.581055 0.720052 0.060547 0.151042
2 0.635254 0.715495 0.049805 0.100260
2 0.685547 0.711589 0.054688 0.136719
2 0.745117 0.701823 0.064453 0.119792
2 0.803223 0.712240 0.045898 0.143229
2 0.848633 0.693359 0.052734 0.100260
2 0.907227 0.715495 0.078125 0.180990
2 0.961914 0.706380 0.058594 0.131510
2 0.965820 0.523438 0.062500 0.132812
2 0.905273 0.537109 0.054688 0.063802
2 0.870605 0.533203 0.053711 0.097656
2 0.829590 0.556641 0.040039 0.154948
2 0.779785 0.530599 0.040039 0.105469
2 0.747070 0.529297 0.050781 0.105469
2 0.712402 0.542969 0.049805 0.138021
2 0.662598 0.533203 0.061523 0.115885
2 0.608887 0.529948 0.045898 0.101562
2 0.551758 0.535156 0.056641 0.125000
2 0.494629 0.532552 0.053711 0.109375
2 0.434570 0.532552 0.056641 0.104167
2 0.370605 0.542969 0.057617 0.125000
2 0.316406 0.535807 0.044922 0.097656
2 0.260742 0.545573 0.046875 0.130208
2 0.219727 0.532552 0.048828 0.109375
2 0.149902 0.539714 0.061523 0.118490
2 0.096680 0.550130 0.042969 0.149740
2 0.052246 0.552083 0.051758 0.145833
2 0.009766 0.522786 0.017578 0.074219
2 0.036133 0.376953 0.052734 0.076823
2 0.091797 0.378906 0.042969 0.091146
2 0.142578 0.378255 0.044922 0.095052
2 0.185547 0.392578 0.048828 0.118490
2 0.239258 0.371745 0.060547 0.105469
2 0.283691 0.398438 0.038086 0.148438
2 0.333496 0.397135 0.053711 0.140625
2 0.381836 0.382161 0.052734 0.102865
2 0.429199 0.371745 0.049805 0.113281
2 0.466309 0.391276 0.047852 0.131510
2 0.501953 0.379557 0.044922 0.079427
2 0.544922 0.376302 0.048828 0.085938
2 0.603516 0.382812 0.046875 0.085938
2 0.670898 0.399089 0.052734 0.123698
2 0.731445 0.386719 0.052734 0.122396
2 0.809570 0.365885 0.060547 0.098958
2 0.867676 0.378906 0.043945 0.145833
2 0.898926 0.386068 0.038086 0.118490
2 0.937988 0.371094 0.036133 0.104167
2 0.985352 0.383464 0.029297 0.139323
2 0.971191 0.235026 0.043945 0.079427
2 0.929688 0.238281 0.046875 0.098958
2 0.895020 0.258464 0.057617 0.131510
2 0.847168 0.247396 0.045898 0.111979
2 0.812012 0.252604 0.045898 0.114583
2 0.770508 0.255859 0.048828 0.123698
2 0.729980 0.255859 0.041992 0.118490
2 0.701172 0.244792 0.050781 0.106771
2 0.663574 0.263021 0.036133 0.122396
2 0.625000 0.261719 0.052734 0.125000
2 0.585449 0.243490 0.041992 0.083333
2 0.542480 0.248698 0.051758 0.104167
2 0.496094 0.267578 0.068359 0.128906
2 0.432617 0.251953 0.056641 0.134115
2 0.373047 0.266276 0.064453 0.126302
2 0.313477 0.253255 0.064453 0.087240
2 0.248047 0.261719 0.066406 0.130208
2 0.187500 0.253906 0.072266 0.101562
2 0.131836 0.252604 0.062500 0.088542
2 0.075195 0.268229 0.060547 0.122396
2 0.026855 0.253906 0.043945 0.075521
2 0.697266 0.089844 0.164062 0.096354
