2 0.466309 0.552083 0.059570 0.046875
2 0.523438 0.552734 0.039062 0.042969
2 0.550293 0.460938 0.055664 0.049479
2 0.624023 0.490885 0.048828 0.052083
2 0.697754 0.449219 0.061523 0.049479
2 0.578125 0.582682 0.054688 0.032552
2 0.634766 0.555339 0.054688 0.042969
2 0.700684 0.552083 0.051758 0.046875
2 0.751465 0.551432 0.040039 0.042969
2 0.822266 0.569010 0.044922 0.039062
2 0.873047 0.535156 0.050781 0.039062
2 0.915039 0.483724 0.052734 0.032552
2 0.968750 0.479167 0.031250 0.039062
2 0.936523 0.573568 0.050781 0.032552
2 0.986328 0.514974 0.027344 0.019531
2 0.781250 0.850911 0.019531 0.029948
2 0.936523 0.813151 0.025391 0.022135
