2 0.362793 0.031479 0.047852 0.060029
2 0.411133 0.221816 0.070312 0.054173
2 0.502930 0.142753 0.031250 0.039531
2 0.664062 0.190337 0.031250 0.032211
2 0.676758 0.236457 0.027344 0.027818
2 0.599609 0.363836 0.066406 0.057101
2 0.337891 0.310395 0.050781 0.049780
2 0.326660 0.380673 0.053711 0.049780
2 0.183105 0.338214 0.055664 0.055637
2 0.108398 0.343338 0.031250 0.027818
2 0.047852 0.119327 0.093750 0.062958
2 0.178223 0.146413 0.055664 0.035139
2 0.213867 0.218155 0.023438 0.023426
2 0.252930 0.180820 0.025391 0.019034
2 0.263184 0.201318 0.016602 0.013177
2 0.329102 0.206442 0.015625 0.008785
2 0.177734 0.204246 0.015625 0.019034
2 0.128418 0.244510 0.032227 0.026354
2 0.096191 0.229868 0.030273 0.023426
2 0.154785 0.287701 0.026367 0.024890
2 0.097168 0.459736 0.069336 0.040996
2 0.220703 0.463397 0.080078 0.048316
2 0.276367 0.423865 0.025391 0.030747
2 0.298340 0.472914 0.018555 0.029283
2 0.501465 0.403367 0.032227 0.030747
2 0.479004 0.377013 0.051758 0.033675
2 0.453613 0.365300 0.034180 0.027818
2 0.577148 0.470717 0.031250 0.033675
2 0.522461 0.430454 0.060547 0.032211
2 0.744629 0.483163 0.034180 0.040996
2 0.855469 0.523426 0.050781 0.042460
2 0.922852 0.496340 0.035156 0.026354
2 0.927246 0.464129 0.024414 0.032211
2 0.979980 0.370425 0.018555 0.029283
2 0.986328 0.270864 0.023438 0.038067
2 0.899902 0.304539 0.024414 0.029283
2 0.920410 0.243045 0.016602 0.014641
2 0.924805 0.273060 0.021484 0.021962
2 0.881836 0.248902 0.019531 0.014641
2 0.867676 0.266471 0.016602 0.020498
2 0.795410 0.258419 0.014648 0.013177
2 0.809570 0.243045 0.019531 0.017570
2 0.749512 0.302343 0.020508 0.021962
2 0.739258 0.299414 0.019531 0.027818
2 0.709473 0.295022 0.028320 0.030747
2 0.709961 0.274524 0.023438 0.033675
2 0.504395 0.389458 0.991211 0.773060
2 0.728027 0.755490 0.014648 0.023426
2 0.505371 0.684480 0.024414 0.033675
2 0.468750 0.676428 0.015625 0.026354
