1 0.318359 0.332031 0.033203 0.057292
1 0.353516 0.294922 0.039062 0.071615
1 0.452637 0.328776 0.036133 0.042969
1 0.503418 0.641276 0.071289 0.141927
1 0.513184 0.536458 0.049805 0.080729
1 0.612305 0.472005 0.042969 0.061198
1 0.599609 0.403646 0.029297 0.041667
1 0.645996 0.343750 0.036133 0.057292
1 0.675293 0.418620 0.026367 0.042969
1 0.706543 0.432943 0.014648 0.027344
1 0.726074 0.458333 0.018555 0.039062
1 0.683594 0.522786 0.037109 0.071615
1 0.704102 0.502604 0.023438 0.031250
1 0.800781 0.496745 0.039062 0.048177
1 0.888184 0.569661 0.096680 0.165365
1 0.944824 0.442057 0.063477 0.110677
1 0.826172 0.339844 0.027344 0.041667
