2 0.316895 0.404380 0.038086 0.035036
2 0.343750 0.507299 0.023438 0.021898
2 0.354492 0.544526 0.027344 0.035036
2 0.383789 0.537226 0.017578 0.023358
2 0.391602 0.581022 0.031250 0.035036
2 0.264160 0.648175 0.034180 0.043796
2 0.288574 0.668613 0.018555 0.020438
2 0.303223 0.704380 0.014648 0.018978
2 0.087891 0.729927 0.023438 0.020438
2 0.316895 0.757664 0.018555 0.026277
2 0.544434 0.670803 0.014648 0.016058
2 0.471191 0.471533 0.043945 0.037956
2 0.376465 0.438686 0.032227 0.033577
2 0.358398 0.397810 0.033203 0.030657
2 0.444824 0.342336 0.036133 0.033577
2 0.568359 0.402920 0.027344 0.040876
2 0.613770 0.464234 0.018555 0.040876
2 0.669922 0.409489 0.031250 0.033577
2 0.787109 0.645985 0.023438 0.071533
2 0.806641 0.655474 0.033203 0.067153
2 0.688477 0.765693 0.019531 0.021898
2 0.911621 0.416058 0.049805 0.058394
2 0.972168 0.353285 0.028320 0.052555
2 0.965332 0.091241 0.038086 0.059854
2 0.767578 0.212409 0.031250 0.033577
2 0.674316 0.187591 0.038086 0.045255
2 0.687012 0.329927 0.030273 0.032117
2 0.605957 0.236496 0.045898 0.040876
2 0.666992 0.140146 0.031250 0.067153
2 0.606934 0.103650 0.059570 0.072993
