2 0.694824 0.285505 0.071289 0.046852
2 0.519043 0.125183 0.061523 0.048316
2 0.343750 0.199854 0.056641 0.036603
2 0.339844 0.241581 0.064453 0.038067
2 0.520508 0.431186 0.039062 0.036603
2 0.326660 0.576867 0.051758 0.043924
2 0.363281 0.579063 0.039062 0.030747
2 0.368164 0.661054 0.041016 0.033675
2 0.445801 0.871157 0.040039 0.032211
2 0.649414 0.829429 0.017578 0.013177
2 0.803711 0.781113 0.037109 0.042460
2 0.077148 0.366764 0.050781 0.045388
2 0.250977 0.737189 0.039062 0.033675
2 0.216309 0.874817 0.047852 0.030747
2 0.333496 0.964861 0.032227 0.026354
