2 0.354980 0.265051 0.270508 0.265786
2 0.079590 0.715125 0.077148 0.155653
2 0.060059 0.622614 0.065430 0.117474
2 0.086426 0.592511 0.051758 0.124816
2 0.131348 0.672540 0.061523 0.082232
2 0.211426 0.652717 0.096680 0.201175
2 0.246582 0.605727 0.036133 0.066079
2 0.296875 0.670338 0.074219 0.242291
2 0.376465 0.665932 0.102539 0.177680
2 0.467285 0.624816 0.063477 0.186490
2 0.589844 0.685022 0.195312 0.233480
2 0.584473 0.574890 0.055664 0.101322
2 0.742676 0.668869 0.067383 0.183554
2 0.823242 0.621880 0.082031 0.183554
2 0.921387 0.596182 0.081055 0.202643
