2 0.155273 0.377013 0.074219 0.080527
2 0.182129 0.442899 0.083008 0.077599
2 0.231445 0.586384 0.097656 0.089312
2 0.323242 0.754026 0.072266 0.096633
2 0.443848 0.813324 0.065430 0.103953
2 0.502930 0.948755 0.080078 0.090776
2 0.569336 0.766471 0.074219 0.074671
2 0.584473 0.820644 0.069336 0.065886
2 0.684082 0.901171 0.092773 0.068814
2 0.698242 0.816984 0.074219 0.067350
2 0.846191 0.824305 0.075195 0.070278
2 0.895996 0.744510 0.069336 0.086384
2 0.691406 0.905564 0.060547 0.045388
2 0.935059 0.578331 0.077148 0.070278
2 0.937988 0.639092 0.092773 0.127379
2 0.823730 0.478038 0.077148 0.083455
2 0.906738 0.344070 0.086914 0.087848
2 0.756836 0.259883 0.089844 0.051245
2 0.771484 0.215227 0.082031 0.064422
2 0.956543 0.044656 0.086914 0.080527
2 0.626465 0.038067 0.084961 0.055637
2 0.497559 0.040996 0.086914 0.076135
2 0.440430 0.071010 0.087891 0.065886
2 0.359375 0.106149 0.091797 0.048316
2 0.321777 0.056369 0.092773 0.074671
2 0.250000 0.157394 0.105469 0.060029
2 0.286133 0.216691 0.074219 0.070278
2 0.208496 0.275256 0.086914 0.102489
2 0.252441 0.312592 0.086914 0.071742
2 0.284180 0.283309 0.050781 0.098097
2 0.355957 0.231332 0.077148 0.087848
2 0.360840 0.300146 0.079102 0.046852
2 0.314453 0.381406 0.070312 0.048316
2 0.283203 0.428258 0.080078 0.065886
2 0.393066 0.467789 0.073242 0.065886
2 0.374512 0.537335 0.069336 0.058565
2 0.414062 0.599561 0.082031 0.089312
2 0.424316 0.657394 0.077148 0.070278
2 0.543457 0.571742 0.075195 0.101025
2 0.608398 0.516105 0.068359 0.057101
2 0.642090 0.565154 0.075195 0.049780
2 0.594238 0.652269 0.077148 0.077599
2 0.626953 0.712299 0.078125 0.095168
2 0.646973 0.466325 0.086914 0.080527
2 0.586914 0.404832 0.083984 0.077599
2 0.626953 0.325037 0.074219 0.084919
2 0.652832 0.285505 0.081055 0.073206
2 0.541992 0.205710 0.095703 0.080527
2 0.520508 0.292094 0.060547 0.054173
2 0.441406 0.265007 0.087891 0.061493
2 0.436523 0.314056 0.080078 0.036603
2 0.493164 0.379209 0.115234 0.099561
