1 0.385254 0.533987 0.504883 0.688889
1 0.129883 0.870588 0.255859 0.258824
1 0.371094 0.941830 0.185547 0.116340
1 0.525391 0.960784 0.189453 0.078431
1 0.136230 0.533333 0.028320 0.039216
1 0.144531 0.324183 0.035156 0.062745
1 0.569824 0.075817 0.051758 0.062745
1 0.785645 0.166667 0.049805 0.058824
1 0.952637 0.192157 0.055664 0.078431
1 0.811523 0.277124 0.041016 0.044444
1 0.738281 0.414379 0.044922 0.060131
1 0.706543 0.516993 0.028320 0.035294
1 0.666016 0.635948 0.035156 0.035294
1 0.787598 0.520261 0.030273 0.041830
1 0.899414 0.524837 0.041016 0.071895
1 0.882324 0.683660 0.040039 0.060131
1 0.812500 0.811765 0.035156 0.044444
1 0.892578 0.826797 0.017578 0.027451
1 0.864746 0.822222 0.018555 0.026144
1 0.902344 0.755556 0.019531 0.023529
1 0.959961 0.843137 0.025391 0.036601
1 0.945801 0.858824 0.020508 0.028758
1 0.710938 0.971895 0.025391 0.022222
1 0.774414 0.917647 0.023438 0.026144
