2 0.085449 0.435578 0.018555 0.033675
2 0.011719 0.538799 0.021484 0.029283
2 0.069336 0.063690 0.019531 0.030747
2 0.523926 0.095900 0.026367 0.045388
2 0.590820 0.174963 0.019531 0.036603
2 0.592773 0.047584 0.015625 0.054173
2 0.616211 0.084187 0.023438 0.033675
2 0.628906 0.046120 0.013672 0.033675
2 0.644531 0.042460 0.023438 0.029283
2 0.637695 0.071010 0.021484 0.021962
2 0.683594 0.115666 0.019531 0.032211
2 0.651367 0.172767 0.023438 0.035139
2 0.646484 0.275256 0.025391 0.038067
2 0.606445 0.325769 0.019531 0.030747
2 0.633301 0.355051 0.022461 0.027818
2 0.649414 0.341142 0.015625 0.023426
2 0.626465 0.397511 0.024414 0.024890
2 0.661133 0.416545 0.015625 0.024890
2 0.675781 0.355783 0.017578 0.032211
2 0.700195 0.348463 0.013672 0.029283
2 0.692871 0.401903 0.016602 0.030747
2 0.701660 0.422401 0.020508 0.027818
2 0.691406 0.464861 0.017578 0.019034
2 0.693359 0.497072 0.013672 0.019034
2 0.706543 0.494143 0.010742 0.021962
2 0.708984 0.553441 0.021484 0.035139
2 0.679688 0.660322 0.017578 0.026354
2 0.718262 0.737189 0.018555 0.021962
2 0.730469 0.710835 0.015625 0.024890
2 0.752441 0.666179 0.018555 0.032211
2 0.746094 0.711567 0.011719 0.026354
2 0.755859 0.717423 0.017578 0.026354
2 0.785645 0.669839 0.020508 0.021962
2 0.826172 0.680820 0.019531 0.029283
2 0.871582 0.751830 0.018555 0.033675
2 0.846680 0.800146 0.015625 0.030747
2 0.884277 0.665447 0.012695 0.024890
2 0.931641 0.666911 0.017578 0.024890
2 0.923828 0.688873 0.019531 0.024890
2 0.924316 0.705710 0.016602 0.023426
2 0.899414 0.616398 0.015625 0.029283
2 0.916016 0.613470 0.013672 0.023426
2 0.931152 0.602489 0.014648 0.019034
2 0.931641 0.590044 0.011719 0.026354
2 0.955566 0.585652 0.016602 0.023426
2 0.964844 0.535139 0.015625 0.039531
2 0.916504 0.573939 0.018555 0.023426
2 0.916992 0.559297 0.019531 0.029283
2 0.922852 0.530747 0.019531 0.024890
2 0.894531 0.535871 0.023438 0.026354
2 0.872559 0.584919 0.018555 0.027818
2 0.856934 0.608346 0.014648 0.027818
2 0.834473 0.595900 0.016602 0.029283
2 0.831543 0.585652 0.018555 0.023426
2 0.820801 0.595168 0.018555 0.030747
2 0.812500 0.564422 0.019531 0.027818
2 0.816406 0.546120 0.017578 0.023426
2 0.811035 0.549780 0.012695 0.024890
2 0.815430 0.521962 0.019531 0.033675
2 0.802246 0.485359 0.018555 0.027818
2 0.792480 0.540996 0.018555 0.027818
2 0.793945 0.559297 0.015625 0.017570
2 0.752930 0.505857 0.017578 0.030747
2 0.733398 0.519766 0.017578 0.023426
2 0.736328 0.445095 0.019531 0.020498
2 0.733398 0.394583 0.017578 0.024890
2 0.752441 0.352123 0.020508 0.036603
2 0.781738 0.366764 0.020508 0.033675
2 0.767578 0.393851 0.023438 0.032211
2 0.813965 0.369693 0.022461 0.033675
2 0.829590 0.407760 0.024414 0.039531
2 0.808594 0.432650 0.021484 0.033675
2 0.833008 0.469985 0.021484 0.035139
2 0.847168 0.527818 0.018555 0.021962
2 0.864746 0.502928 0.016602 0.027818
2 0.893066 0.489751 0.016602 0.024890
2 0.881348 0.472914 0.016602 0.029283
2 0.875488 0.444363 0.016602 0.030747
2 0.898926 0.453148 0.016602 0.033675
2 0.916016 0.480966 0.017578 0.027818
2 0.951660 0.485359 0.020508 0.030747
2 0.961914 0.465593 0.011719 0.035139
2 0.968262 0.455344 0.018555 0.035139
2 0.962402 0.439971 0.018555 0.048316
2 0.977539 0.428990 0.017578 0.035139
2 0.991699 0.431186 0.016602 0.024890
2 0.993652 0.464861 0.012695 0.030747
2 0.987305 0.480966 0.019531 0.030747
2 0.982910 0.390922 0.014648 0.032211
2 0.945312 0.377013 0.027344 0.030747
2 0.933594 0.410688 0.023438 0.027818
2 0.922363 0.436310 0.022461 0.032211
2 0.896973 0.401903 0.014648 0.027818
2 0.861816 0.383602 0.014648 0.014641
2 0.932129 0.336750 0.012695 0.023426
2 0.967285 0.306003 0.020508 0.038067
2 0.944824 0.281113 0.016602 0.026354
2 0.986816 0.255490 0.014648 0.027818
2 0.982422 0.278917 0.021484 0.027818
2 0.882812 0.243045 0.031250 0.035139
2 0.873535 0.272328 0.018555 0.035139
2 0.873535 0.333089 0.010742 0.030747
2 0.856934 0.344070 0.014648 0.023426
2 0.848145 0.333821 0.024414 0.038067
2 0.847656 0.308931 0.019531 0.026354
2 0.844727 0.286237 0.021484 0.030747
2 0.834961 0.262079 0.025391 0.038067
2 0.843750 0.245242 0.015625 0.030747
2 0.856445 0.237921 0.019531 0.039531
2 0.885254 0.184480 0.028320 0.035139
2 0.874023 0.151537 0.023438 0.039531
2 0.861328 0.127379 0.019531 0.023426
2 0.880859 0.068082 0.023438 0.039531
2 0.823730 0.076867 0.018555 0.021962
2 0.812012 0.057101 0.020508 0.035139
2 0.797363 0.133968 0.018555 0.030747
2 0.823730 0.135432 0.018555 0.033675
2 0.851074 0.169839 0.016602 0.029283
2 0.807617 0.210835 0.021484 0.026354
2 0.803223 0.229868 0.024414 0.020498
2 0.792969 0.245242 0.025391 0.030747
2 0.788574 0.283309 0.018555 0.024890
2 0.772461 0.265739 0.021484 0.030747
2 0.766113 0.306735 0.022461 0.042460
2 0.734375 0.138360 0.019531 0.024890
2 0.754395 0.046852 0.020508 0.038067
2 0.737793 0.040264 0.018555 0.024890
