2 0.233398 0.240327 0.056641 0.055060
2 0.091797 0.305804 0.076172 0.058036
2 0.087402 0.415179 0.047852 0.053571
2 0.072754 0.447173 0.053711 0.031250
2 0.132324 0.459821 0.055664 0.059524
2 0.119141 0.544643 0.037109 0.038690
2 0.088379 0.541667 0.047852 0.035714
2 0.131348 0.595982 0.053711 0.040179
2 0.062988 0.580357 0.032227 0.032738
2 0.191895 0.589286 0.049805 0.059524
2 0.227051 0.614583 0.030273 0.038690
2 0.250977 0.609375 0.050781 0.052083
2 0.250000 0.574405 0.074219 0.059524
2 0.287598 0.531250 0.049805 0.041667
2 0.224121 0.470238 0.051758 0.050595
2 0.193848 0.502232 0.030273 0.046131
2 0.190918 0.454613 0.036133 0.034226
2 0.315918 0.433780 0.040039 0.037202
2 0.297363 0.401042 0.040039 0.040179
2 0.239258 0.351190 0.056641 0.038690
2 0.251465 0.437500 0.061523 0.038690
2 0.382812 0.389881 0.044922 0.053571
2 0.426758 0.427827 0.054688 0.046131
2 0.423828 0.470982 0.042969 0.040179
2 0.412109 0.590030 0.050781 0.072917
2 0.367188 0.563244 0.050781 0.052083
2 0.342773 0.590774 0.029297 0.023810
2 0.368164 0.596726 0.037109 0.041667
2 0.469727 0.607143 0.041016 0.056548
2 0.470215 0.575149 0.030273 0.031250
2 0.493164 0.595982 0.037109 0.034226
2 0.560547 0.613095 0.072266 0.050595
2 0.681641 0.587054 0.046875 0.075893
2 0.866699 0.666667 0.047852 0.077381
2 0.755371 0.455357 0.032227 0.035714
2 0.709473 0.512649 0.026367 0.019345
2 0.724121 0.519345 0.032227 0.026786
2 0.709473 0.391369 0.038086 0.032738
2 0.716309 0.413690 0.034180 0.038690
2 0.621094 0.415179 0.046875 0.044643
2 0.623047 0.447173 0.041016 0.034226
2 0.542480 0.447917 0.063477 0.083333
2 0.469238 0.258929 0.047852 0.053571
2 0.511719 0.274554 0.062500 0.058036
2 0.450684 0.345982 0.069336 0.046131
2 0.506348 0.343750 0.051758 0.059524
2 0.463867 0.398065 0.037109 0.034226
2 0.664551 0.317708 0.053711 0.049107
2 0.787598 0.351935 0.040039 0.052083
2 0.829102 0.452381 0.029297 0.020833
