2 0.257324 0.784773 0.041992 0.055637
2 0.342773 0.760615 0.031250 0.036603
2 0.381348 0.728404 0.028320 0.039531
2 0.321777 0.697657 0.024414 0.039531
2 0.272461 0.714495 0.035156 0.023426
2 0.232910 0.672035 0.038086 0.029283
2 0.263184 0.646413 0.041992 0.042460
2 0.283203 0.566618 0.037109 0.032211
2 0.250488 0.603221 0.047852 0.035139
2 0.213379 0.579063 0.047852 0.036603
2 0.164551 0.624451 0.041992 0.036603
2 0.128906 0.657394 0.052734 0.046852
2 0.143066 0.530015 0.049805 0.055637
2 0.068359 0.551977 0.039062 0.049780
2 0.020508 0.533675 0.039062 0.039531
2 0.014648 0.512445 0.027344 0.038067
2 0.381836 0.565886 0.050781 0.039531
2 0.401855 0.618594 0.049805 0.036603
2 0.321777 0.613470 0.040039 0.023426
2 0.420898 0.715227 0.027344 0.033675
2 0.428223 0.701318 0.038086 0.038067
2 0.463379 0.699854 0.041992 0.032211
2 0.447266 0.650805 0.037109 0.027818
2 0.464844 0.615666 0.035156 0.042460
2 0.487793 0.655198 0.036133 0.036603
2 0.523926 0.699854 0.036133 0.029283
2 0.521484 0.728404 0.037109 0.027818
2 0.567383 0.676428 0.041016 0.038067
2 0.708008 0.752562 0.033203 0.032211
2 0.715820 0.707174 0.033203 0.043924
2 0.646973 0.705710 0.043945 0.029283
2 0.606934 0.699854 0.034180 0.035139
2 0.623535 0.656662 0.026367 0.027818
2 0.615234 0.674963 0.039062 0.035139
2 0.671387 0.641288 0.038086 0.023426
2 0.655762 0.607613 0.032227 0.035139
2 0.690430 0.612006 0.037109 0.043924
2 0.709473 0.602489 0.045898 0.024890
2 0.717285 0.581991 0.053711 0.045388
2 0.823242 0.551977 0.082031 0.058565
2 0.892578 0.607613 0.042969 0.052709
2 0.871582 0.656662 0.049805 0.054173
2 0.815430 0.701318 0.056641 0.046852
