2 0.780645 0.364258 0.224516 0.126953
2 0.628387 0.286133 0.154839 0.115234
2 0.497419 0.231445 0.140645 0.101562
2 0.428387 0.186523 0.072258 0.083984
2 0.365806 0.155273 0.070968 0.070312
2 0.312903 0.140137 0.089032 0.065430
2 0.265806 0.108887 0.059355 0.051758
2 0.216129 0.096191 0.050323 0.047852
2 0.178710 0.081055 0.058065 0.044922
2 0.167097 0.066406 0.060645 0.041016
2 0.148387 0.056152 0.043871 0.032227
2 0.123871 0.044434 0.020645 0.036133
2 0.110968 0.031738 0.028387 0.034180
2 0.089677 0.023926 0.042581 0.034180
2 0.083226 0.019043 0.019355 0.016602
2 0.061290 0.017578 0.027097 0.023438
