2 0.236816 0.870443 0.032227 0.058594
2 0.485352 0.962891 0.048828 0.053385
2 0.520996 0.899089 0.069336 0.058594
2 0.612305 0.856771 0.064453 0.059896
2 0.704102 0.826172 0.050781 0.058594
2 0.770996 0.841797 0.041992 0.079427
2 0.803711 0.822917 0.035156 0.044271
2 0.894043 0.966146 0.090820 0.067708
2 0.364258 0.777995 0.037109 0.055990
2 0.349609 0.751302 0.027344 0.031250
2 0.270508 0.776042 0.035156 0.054688
2 0.201660 0.790365 0.043945 0.044271
2 0.159180 0.825521 0.048828 0.033854
2 0.153320 0.884115 0.058594 0.059896
2 0.061523 0.845052 0.058594 0.049479
2 0.125000 0.748698 0.029297 0.044271
2 0.140625 0.727865 0.017578 0.036458
2 0.168457 0.728516 0.024414 0.042969
2 0.185059 0.736328 0.030273 0.035156
2 0.244629 0.610677 0.057617 0.052083
2 0.342773 0.628906 0.039062 0.044271
2 0.483398 0.615234 0.031250 0.032552
2 0.507324 0.610026 0.018555 0.019531
2 0.578613 0.629557 0.022461 0.024740
2 0.481934 0.718099 0.032227 0.029948
2 0.489258 0.747396 0.017578 0.028646
2 0.480957 0.774740 0.024414 0.026042
2 0.490234 0.797526 0.027344 0.037760
2 0.563477 0.807292 0.023438 0.036458
2 0.592285 0.805990 0.036133 0.031250
2 0.565918 0.746745 0.022461 0.027344
2 0.588867 0.732422 0.029297 0.022135
2 0.626465 0.719401 0.024414 0.032552
2 0.624023 0.744141 0.021484 0.027344
2 0.605957 0.688151 0.016602 0.022135
2 0.627441 0.687500 0.022461 0.033854
2 0.523926 0.700521 0.018555 0.023438
2 0.545898 0.710286 0.027344 0.035156
2 0.437500 0.724609 0.027344 0.040365
2 0.415527 0.723307 0.022461 0.032552
2 0.383789 0.742188 0.041016 0.028646
2 0.323730 0.725911 0.026367 0.035156
2 0.287598 0.717448 0.022461 0.031250
2 0.255859 0.718099 0.023438 0.040365
2 0.062988 0.683594 0.020508 0.026042
2 0.081543 0.666667 0.020508 0.028646
2 0.096680 0.666667 0.017578 0.026042
2 0.111816 0.716797 0.024414 0.035156
2 0.553711 0.630859 0.017578 0.027344
2 0.509766 0.643229 0.015625 0.026042
2 0.487793 0.645833 0.014648 0.018229
2 0.475098 0.647786 0.010742 0.014323
2 0.455566 0.637370 0.016602 0.022135
2 0.425781 0.630208 0.021484 0.015625
2 0.654297 0.698568 0.023438 0.024740
2 0.659668 0.750000 0.020508 0.039062
