2 0.772461 0.476801 0.027344 0.023199
2 0.747070 0.477411 0.015625 0.019536
2 0.739258 0.436508 0.019531 0.025641
2 0.716309 0.429182 0.018555 0.023199
2 0.717285 0.472527 0.016602 0.019536
2 0.702637 0.466422 0.014648 0.019536
2 0.686035 0.418803 0.016602 0.017094
2 0.672363 0.409646 0.014648 0.018315
2 0.656738 0.405983 0.016602 0.018315
2 0.634277 0.406593 0.018555 0.021978
2 0.686523 0.340659 0.019531 0.017094
2 0.662598 0.337607 0.016602 0.018315
2 0.637695 0.357753 0.019531 0.019536
2 0.621582 0.348596 0.022461 0.025641
2 0.614746 0.304640 0.024414 0.025641
2 0.604980 0.331502 0.018555 0.020757
2 0.584473 0.328449 0.022461 0.014652
2 0.580566 0.307692 0.022461 0.019536
2 0.561523 0.301587 0.021484 0.024420
2 0.571777 0.274115 0.026367 0.028083
2 0.546875 0.282662 0.021484 0.018315
2 0.530273 0.270452 0.023438 0.023199
2 0.512695 0.258242 0.025391 0.025641
2 0.501465 0.246032 0.018555 0.020757
2 0.547852 0.226496 0.021484 0.018315
2 0.515137 0.211233 0.030273 0.034188
2 0.494629 0.227106 0.018555 0.019536
2 0.475098 0.211844 0.024414 0.025641
2 0.477539 0.191697 0.031250 0.026862
2 0.504883 0.175824 0.025391 0.031746
2 0.520508 0.164835 0.023438 0.041514
2 0.538086 0.157509 0.023438 0.029304
2 0.616211 0.207570 0.021484 0.029304
2 0.643555 0.201465 0.035156 0.034188
2 0.679199 0.214286 0.024414 0.030525
2 0.600098 0.164225 0.030273 0.028083
2 0.621582 0.137363 0.026367 0.037851
2 0.577148 0.125153 0.027344 0.032967
2 0.558105 0.136752 0.024414 0.034188
2 0.617188 0.102564 0.027344 0.026862
2 0.657227 0.084860 0.031250 0.035409
2 0.690430 0.066545 0.035156 0.040293
2 0.739746 0.041514 0.038086 0.048840
2 0.781250 0.018315 0.023438 0.034188
