2 0.118164 0.590044 0.027344 0.032211
2 0.089355 0.586384 0.014648 0.030747
2 0.080078 0.567350 0.017578 0.019034
2 0.066406 0.559297 0.019531 0.020498
2 0.050293 0.542460 0.014648 0.021962
2 0.040527 0.535871 0.020508 0.023426
2 0.030273 0.522694 0.015625 0.017570
2 0.023438 0.516837 0.013672 0.023426
2 0.013184 0.508785 0.018555 0.019034
2 0.014160 0.422401 0.020508 0.021962
2 0.279785 0.040996 0.022461 0.020498
2 0.275391 0.092240 0.025391 0.029283
2 0.287598 0.122987 0.022461 0.017570
2 0.278809 0.154466 0.016602 0.019034
2 0.295898 0.169107 0.017578 0.016105
2 0.305664 0.193997 0.015625 0.019034
2 0.323242 0.207906 0.019531 0.017570
2 0.321289 0.225476 0.015625 0.014641
2 0.319336 0.241581 0.013672 0.014641
2 0.327637 0.253294 0.014648 0.023426
2 0.340332 0.266471 0.012695 0.023426
2 0.354492 0.286969 0.013672 0.023426
2 0.375488 0.310395 0.018555 0.020498
2 0.404297 0.333089 0.013672 0.024890
2 0.426758 0.359444 0.011719 0.019034
2 0.447266 0.372621 0.013672 0.019034
2 0.463379 0.384334 0.010742 0.021962
2 0.493164 0.405564 0.015625 0.017570
2 0.520020 0.422401 0.012695 0.016105
2 0.530273 0.436310 0.015625 0.032211
2 0.550293 0.451684 0.014648 0.021962
2 0.577637 0.471449 0.016602 0.029283
2 0.592285 0.489019 0.016602 0.026354
2 0.624512 0.506589 0.012695 0.017570
2 0.643555 0.510981 0.009766 0.020498
2 0.654297 0.516837 0.009766 0.017570
2 0.669434 0.526354 0.010742 0.016105
2 0.673340 0.541728 0.012695 0.020498
2 0.695801 0.535871 0.014648 0.017570
2 0.704590 0.539531 0.010742 0.019034
2 0.709961 0.549780 0.013672 0.016105
2 0.721680 0.557101 0.009766 0.016105
2 0.718262 0.565154 0.008789 0.014641
2 0.723145 0.577599 0.008789 0.010249
2 0.725098 0.587116 0.010742 0.014641
2 0.736328 0.596633 0.009766 0.019034
2 0.753418 0.612006 0.010742 0.020498
2 0.768066 0.623719 0.010742 0.017570
2 0.785156 0.630307 0.009766 0.016105
2 0.783203 0.642753 0.007812 0.017570
2 0.797852 0.650805 0.009766 0.016105
2 0.806152 0.657394 0.010742 0.011713
2 0.824707 0.663982 0.006836 0.013177
2 0.829590 0.669839 0.006836 0.010249
2 0.824707 0.674231 0.008789 0.013177
2 0.819824 0.693265 0.012695 0.013177
2 0.825195 0.700586 0.007812 0.013177
2 0.815430 0.704978 0.009766 0.010249
2 0.804688 0.730600 0.013672 0.014641
2 0.771484 0.745974 0.009766 0.013177
2 0.757324 0.740117 0.008789 0.013177
2 0.750488 0.799414 0.010742 0.014641
2 0.655762 0.795754 0.008789 0.010249
2 0.599121 0.765739 0.010742 0.011713
2 0.595703 0.759151 0.013672 0.013177
2 0.583008 0.744510 0.013672 0.016105
2 0.666504 0.800878 0.010742 0.008785
2 0.676270 0.809663 0.010742 0.011713
2 0.686523 0.822108 0.009766 0.010249
2 0.686035 0.834553 0.008789 0.008785
2 0.692871 0.841142 0.008789 0.010249
2 0.688477 0.852855 0.009766 0.013177
2 0.682617 0.846999 0.007812 0.010249
2 0.678223 0.841874 0.008789 0.011713
2 0.666504 0.832357 0.008789 0.010249
2 0.665039 0.854319 0.007812 0.016105
2 0.650879 0.856515 0.012695 0.014641
2 0.637695 0.857247 0.009766 0.013177
2 0.625000 0.858712 0.011719 0.013177
2 0.611328 0.859444 0.013672 0.017570
2 0.619141 0.983895 0.009766 0.005857
2 0.639160 0.989751 0.010742 0.014641
2 0.654297 0.995608 0.007812 0.005857
2 0.658203 0.991947 0.007812 0.010249
2 0.672363 0.984627 0.006836 0.007321
2 0.668945 0.987555 0.005859 0.010249
2 0.686035 0.975842 0.012695 0.013177
2 0.693359 0.968521 0.007812 0.010249
2 0.702637 0.964861 0.006836 0.008785
2 0.701172 0.951684 0.009766 0.011713
2 0.708008 0.945827 0.007812 0.011713
2 0.710449 0.933382 0.006836 0.013177
2 0.716309 0.943631 0.008789 0.010249
2 0.726074 0.936310 0.012695 0.013177
2 0.737305 0.931186 0.011719 0.014641
2 0.750488 0.919473 0.008789 0.008785
2 0.750488 0.926794 0.008789 0.008785
2 0.758789 0.925329 0.011719 0.011713
2 0.760742 0.916545 0.005859 0.008785
2 0.764160 0.907760 0.012695 0.011713
2 0.758301 0.896047 0.008789 0.008785
2 0.763672 0.879209 0.005859 0.007321
2 0.763184 0.885798 0.004883 0.008785
2 0.766113 0.896047 0.008789 0.011713
2 0.791992 0.882138 0.007812 0.010249
2 0.787598 0.877745 0.006836 0.013177
2 0.793945 0.874085 0.011719 0.011713
2 0.795410 0.860176 0.006836 0.007321
2 0.810547 0.818448 0.009766 0.014641
2 0.807617 0.836750 0.011719 0.010249
2 0.797852 0.834553 0.007812 0.011713
2 0.798828 0.841874 0.005859 0.008785
2 0.802734 0.849195 0.011719 0.008785
2 0.806152 0.851391 0.008789 0.010249
2 0.809570 0.863104 0.017578 0.013177
2 0.814453 0.860176 0.009766 0.007321
2 0.821289 0.846266 0.005859 0.011713
2 0.824219 0.840410 0.005859 0.008785
2 0.827148 0.830161 0.007812 0.008785
2 0.822266 0.808931 0.011719 0.010249
2 0.818359 0.801611 0.005859 0.013177
2 0.815430 0.795754 0.009766 0.013177
2 0.805664 0.789898 0.007812 0.007321
2 0.803711 0.783309 0.009766 0.011713
2 0.803711 0.773060 0.007812 0.011713
2 0.807617 0.767936 0.007812 0.013177
2 0.809082 0.763543 0.004883 0.016105
2 0.813965 0.762079 0.010742 0.013177
2 0.813965 0.755490 0.006836 0.011713
2 0.817871 0.746706 0.010742 0.011713
2 0.819824 0.739385 0.008789 0.011713
2 0.823730 0.732064 0.008789 0.011713
2 0.825195 0.718887 0.009766 0.014641
2 0.818848 0.724744 0.010742 0.014641
2 0.819824 0.713763 0.010742 0.013177
