2 0.180664 0.076135 0.015625 0.017570
2 0.168457 0.081259 0.008789 0.013177
2 0.145020 0.106149 0.012695 0.021962
2 0.171875 0.117130 0.015625 0.014641
2 0.185059 0.099561 0.014648 0.014641
2 0.228027 0.113470 0.008789 0.013177
2 0.245605 0.070278 0.010742 0.011713
2 0.213867 0.040996 0.015625 0.020498
2 0.103516 0.055637 0.017578 0.017570
2 0.112305 0.105417 0.013672 0.020498
2 0.098633 0.144217 0.013672 0.019034
2 0.104492 0.188873 0.009766 0.014641
2 0.088379 0.177160 0.008789 0.011713
2 0.063477 0.183016 0.009766 0.014641
2 0.053223 0.177160 0.014648 0.014641
2 0.067383 0.148609 0.011719 0.013177
2 0.055664 0.138360 0.007812 0.016105
2 0.043945 0.148609 0.011719 0.019034
2 0.029785 0.161054 0.010742 0.017570
2 0.177246 0.208638 0.016602 0.016105
2 0.208496 0.217423 0.012695 0.016105
2 0.196289 0.188873 0.011719 0.014641
2 0.189941 0.178624 0.010742 0.011713
2 0.190918 0.167643 0.010742 0.013177
2 0.192871 0.145681 0.008789 0.013177
2 0.169922 0.148609 0.009766 0.013177
2 0.170898 0.166179 0.011719 0.010249
2 0.163574 0.172035 0.008789 0.016105
2 0.153320 0.171303 0.015625 0.023426
2 0.222656 0.135432 0.011719 0.013177
2 0.223145 0.129575 0.010742 0.010249
2 0.240723 0.161054 0.012695 0.014641
2 0.250977 0.142753 0.009766 0.019034
2 0.265137 0.155930 0.012695 0.019034
2 0.277344 0.166179 0.011719 0.016105
2 0.286133 0.177892 0.009766 0.016105
2 0.273438 0.142020 0.013672 0.014641
2 0.279785 0.125183 0.008789 0.019034
2 0.284180 0.102489 0.011719 0.023426
2 0.275391 0.075403 0.009766 0.016105
2 0.271973 0.095168 0.010742 0.017570
2 0.112793 0.228404 0.012695 0.014641
2 0.123047 0.224012 0.013672 0.017570
2 0.111328 0.215959 0.011719 0.016105
2 0.076660 0.217423 0.010742 0.019034
2 0.054688 0.244510 0.013672 0.011713
2 0.020996 0.238653 0.014648 0.014641
2 0.505371 0.320644 0.989258 0.609078
