2 0.149902 0.919940 0.104492 0.160121
2 0.329590 0.773414 0.077148 0.154079
2 0.476074 0.783233 0.067383 0.194864
2 0.589844 0.859517 0.080078 0.154079
2 0.830078 0.889728 0.085938 0.220544
2 0.919434 0.888973 0.098633 0.143505
2 0.936523 0.691088 0.064453 0.197885
2 0.979004 0.593656 0.041992 0.111782
2 0.893066 0.505287 0.100586 0.131420
2 0.908203 0.413897 0.052734 0.114804
2 0.965820 0.174471 0.062500 0.143505
2 0.877441 0.246979 0.045898 0.116314
2 0.818848 0.242447 0.047852 0.098187
2 0.768555 0.169940 0.044922 0.061934
2 0.750000 0.266616 0.058594 0.104230
2 0.786133 0.339124 0.037109 0.125378
2 0.664062 0.157855 0.042969 0.134441
2 0.642090 0.274924 0.045898 0.072508
2 0.587402 0.268127 0.043945 0.070997
2 0.589844 0.363293 0.074219 0.110272
2 0.528809 0.379154 0.067383 0.148036
2 0.439453 0.340634 0.056641 0.131420
2 0.416016 0.466012 0.070312 0.131420
2 0.447754 0.571752 0.055664 0.110272
2 0.469727 0.231118 0.060547 0.081571
2 0.525391 0.111782 0.054688 0.099698
2 0.599121 0.114048 0.053711 0.095166
2 0.372559 0.185045 0.069336 0.092145
2 0.214844 0.211480 0.087891 0.099698
2 0.209473 0.312689 0.055664 0.093656
2 0.258789 0.286254 0.033203 0.131420
2 0.276855 0.370846 0.061523 0.185801
2 0.230469 0.438066 0.044922 0.157100
2 0.131348 0.441088 0.067383 0.120846
2 0.105469 0.359517 0.056641 0.081571
2 0.051758 0.305136 0.064453 0.123867
2 0.085449 0.233384 0.045898 0.137462
2 0.048828 0.398036 0.074219 0.077039
2 0.097656 0.108761 0.060547 0.042296
2 0.133789 0.051360 0.054688 0.072508
2 0.327148 0.601964 0.054688 0.052870
