2 0.088379 0.318942 0.098633 0.342618
2 0.223145 0.377437 0.043945 0.153203
2 0.274902 0.502786 0.102539 0.253482
2 0.257812 0.662953 0.072266 0.339833
2 0.450684 0.637883 0.081055 0.345404
2 0.480957 0.325905 0.094727 0.245125
2 0.565430 0.281337 0.044922 0.178273
2 0.572754 0.385794 0.069336 0.270195
2 0.621094 0.502786 0.037109 0.119777
2 0.661133 0.348189 0.037109 0.122563
2 0.704102 0.254875 0.068359 0.270195
2 0.710938 0.399721 0.056641 0.264624
2 0.699219 0.548747 0.080078 0.233983
2 0.820801 0.713092 0.100586 0.284123
2 0.889648 0.353760 0.054688 0.245125
2 0.840332 0.289694 0.059570 0.172702
2 0.790527 0.373259 0.038086 0.083565
2 0.750977 0.383008 0.039062 0.097493
2 0.954590 0.300836 0.079102 0.278552
