2 0.248535 0.542029 0.083008 0.095652
2 0.225098 0.610145 0.149414 0.315942
2 0.369141 0.605072 0.126953 0.184058
2 0.404297 0.715217 0.109375 0.134783
2 0.354492 0.861594 0.185547 0.210145
2 0.164551 0.917391 0.327148 0.165217
2 0.040039 0.956522 0.078125 0.086957
2 0.433594 0.968116 0.148438 0.063768
2 0.523438 0.931884 0.302734 0.136232
2 0.705078 0.814493 0.375000 0.371014
2 0.680176 0.750000 0.049805 0.120290
2 0.753418 0.781884 0.083008 0.184058
2 0.824219 0.771739 0.091797 0.271014
2 0.903320 0.737681 0.068359 0.356522
2 0.963867 0.812319 0.072266 0.242029
2 0.465332 0.348551 0.122070 0.088406
2 0.339355 0.390580 0.043945 0.120290
2 0.309570 0.389855 0.029297 0.127536
2 0.291016 0.399275 0.039062 0.082609
2 0.277832 0.471014 0.094727 0.124638
2 0.199707 0.376812 0.065430 0.168116
2 0.159668 0.434783 0.075195 0.133333
2 0.076172 0.442029 0.085938 0.104348
2 0.061523 0.316667 0.105469 0.160870
2 0.049316 0.254348 0.096680 0.068116
2 0.077637 0.213768 0.055664 0.036232
2 0.085938 0.167391 0.037109 0.068116
2 0.073242 0.119565 0.037109 0.056522
2 0.183105 0.176087 0.057617 0.108696
2 0.369141 0.290580 0.052734 0.114493
2 0.341309 0.279710 0.047852 0.124638
2 0.420898 0.233333 0.056641 0.136232
2 0.461426 0.268116 0.047852 0.115942
2 0.506836 0.242029 0.048828 0.130435
2 0.558105 0.224638 0.034180 0.049275
2 0.527832 0.284058 0.038086 0.057971
2 0.562012 0.352174 0.069336 0.191304
2 0.482422 0.496377 0.117188 0.207246
2 0.454102 0.448551 0.078125 0.097101
2 0.652832 0.350725 0.086914 0.107246
2 0.633301 0.475362 0.071289 0.130435
2 0.686523 0.407971 0.060547 0.065217
2 0.765625 0.416667 0.113281 0.105797
2 0.745117 0.494203 0.052734 0.040580
2 0.737793 0.547826 0.135742 0.098551
2 0.787598 0.600725 0.120117 0.085507
2 0.866699 0.510870 0.112305 0.082609
2 0.983887 0.355072 0.032227 0.142029
2 0.964844 0.246377 0.033203 0.040580
2 0.692871 0.242754 0.030273 0.062319
2 0.737305 0.273188 0.021484 0.102899
2 0.773438 0.234783 0.029297 0.040580
2 0.799805 0.219565 0.023438 0.050725
2 0.812988 0.246377 0.024414 0.040580
2 0.510254 0.178986 0.979492 0.314493
