2 0.270996 0.261719 0.043945 0.054688
2 0.221191 0.234375 0.051758 0.036458
2 0.210449 0.287109 0.041992 0.037760
2 0.227539 0.322266 0.037109 0.040365
2 0.277832 0.330078 0.034180 0.029948
2 0.222168 0.356120 0.043945 0.035156
2 0.244141 0.458984 0.033203 0.032552
2 0.307129 0.442708 0.032227 0.028646
2 0.306152 0.390625 0.028320 0.039062
2 0.353516 0.370443 0.035156 0.022135
2 0.398926 0.345703 0.032227 0.035156
2 0.350098 0.403646 0.038086 0.039062
2 0.365234 0.497396 0.029297 0.028646
2 0.405762 0.445312 0.028320 0.044271
2 0.468262 0.419922 0.034180 0.027344
2 0.461914 0.443359 0.044922 0.027344
2 0.525391 0.341146 0.041016 0.044271
2 0.561035 0.386068 0.038086 0.037760
2 0.542480 0.497396 0.030273 0.028646
2 0.551758 0.521484 0.027344 0.024740
2 0.469238 0.507161 0.043945 0.029948
2 0.459961 0.531250 0.031250 0.031250
2 0.489258 0.593750 0.037109 0.033854
2 0.531250 0.559896 0.041016 0.020833
2 0.507812 0.630208 0.035156 0.026042
2 0.478027 0.666667 0.028320 0.031250
2 0.418457 0.673828 0.034180 0.029948
2 0.441895 0.813802 0.034180 0.033854
2 0.107910 0.417318 0.041992 0.048177
2 0.059570 0.416667 0.039062 0.031250
2 0.011719 0.349609 0.021484 0.032552
2 0.036621 0.478516 0.024414 0.029948
2 0.054688 0.513672 0.031250 0.024740
2 0.084961 0.555339 0.025391 0.019531
2 0.094238 0.526693 0.018555 0.022135
2 0.115723 0.516927 0.036133 0.023438
2 0.137207 0.534505 0.032227 0.035156
2 0.135742 0.567708 0.031250 0.031250
2 0.183594 0.551432 0.050781 0.035156
2 0.194824 0.500000 0.024414 0.031250
2 0.183105 0.515625 0.032227 0.026042
2 0.025879 0.611979 0.032227 0.033854
2 0.591309 0.459635 0.043945 0.033854
2 0.595703 0.506510 0.031250 0.036458
2 0.615723 0.437500 0.022461 0.036458
2 0.640625 0.465495 0.031250 0.050781
2 0.638672 0.570312 0.033203 0.028646
2 0.696777 0.597656 0.022461 0.031250
2 0.604004 0.625651 0.034180 0.022135
2 0.583008 0.613281 0.037109 0.031250
2 0.701660 0.428385 0.036133 0.031250
2 0.698242 0.371745 0.031250 0.029948
2 0.659668 0.343099 0.028320 0.024740
2 0.623047 0.345052 0.023438 0.023438
2 0.651367 0.303385 0.041016 0.036458
2 0.686523 0.269531 0.035156 0.033854
2 0.790039 0.246745 0.042969 0.027344
2 0.779297 0.208333 0.037109 0.036458
2 0.805176 0.180339 0.024414 0.037760
2 0.788574 0.134766 0.030273 0.037760
2 0.850586 0.164062 0.041016 0.049479
2 0.885742 0.384766 0.031250 0.027344
2 0.826660 0.436849 0.043945 0.053385
2 0.772949 0.455729 0.032227 0.046875
2 0.757812 0.424479 0.031250 0.041667
2 0.745117 0.503255 0.041016 0.035156
2 0.758301 0.557292 0.045898 0.039062
2 0.788574 0.517578 0.026367 0.035156
2 0.786133 0.503255 0.035156 0.029948
2 0.831055 0.507812 0.041016 0.041667
2 0.869141 0.550130 0.029297 0.042969
2 0.832520 0.636719 0.032227 0.036458
2 0.913086 0.611328 0.035156 0.035156
2 0.930176 0.579427 0.040039 0.046875
2 0.902344 0.522135 0.033203 0.046875
2 0.875488 0.485677 0.034180 0.026042
2 0.868652 0.460938 0.040039 0.031250
2 0.968262 0.547526 0.026367 0.037760
2 0.971680 0.565755 0.033203 0.037760
2 0.993652 0.544922 0.012695 0.029948
2 0.960938 0.418620 0.027344 0.040365
2 0.945801 0.372396 0.026367 0.044271
2 0.924316 0.350911 0.036133 0.035156
2 0.966797 0.320964 0.041016 0.048177
