2 0.250977 0.663399 0.042969 0.058824
2 0.200195 0.644608 0.041016 0.021242
2 0.198242 0.616830 0.046875 0.031046
2 0.193359 0.595588 0.037109 0.034314
2 0.204590 0.549837 0.028320 0.053922
2 0.227539 0.542484 0.039062 0.052288
2 0.264648 0.513072 0.046875 0.045752
2 0.275391 0.458333 0.041016 0.044118
2 0.298828 0.434641 0.033203 0.058824
2 0.328125 0.417484 0.037109 0.040850
2 0.319824 0.501634 0.032227 0.049020
2 0.340820 0.491830 0.019531 0.042484
2 0.362305 0.478758 0.027344 0.029412
2 0.389160 0.463235 0.032227 0.037582
2 0.366211 0.517157 0.031250 0.031046
2 0.388672 0.536765 0.025391 0.044118
2 0.415527 0.514706 0.032227 0.045752
2 0.487793 0.529412 0.047852 0.052288
2 0.584473 0.522059 0.057617 0.080065
2 0.663086 0.536765 0.039062 0.057190
2 0.701172 0.557190 0.035156 0.049020
2 0.747070 0.556373 0.035156 0.053922
2 0.785645 0.573529 0.040039 0.042484
2 0.849609 0.577614 0.033203 0.044118
2 0.914062 0.588235 0.037109 0.045752
2 0.968750 0.607843 0.033203 0.045752
2 0.694336 0.678922 0.046875 0.047386
