2 0.900391 0.723307 0.050781 0.061198
2 0.942383 0.733724 0.050781 0.055990
2 0.777344 0.722656 0.060547 0.049479
2 0.748535 0.723307 0.041992 0.048177
2 0.704590 0.754557 0.049805 0.055990
2 0.714355 0.731120 0.055664 0.050781
2 0.675293 0.706380 0.053711 0.040365
2 0.642578 0.745443 0.076172 0.079427
2 0.622070 0.722005 0.033203 0.029948
2 0.602539 0.740234 0.050781 0.050781
2 0.565430 0.707031 0.052734 0.049479
2 0.553223 0.749349 0.053711 0.053385
2 0.484863 0.723307 0.045898 0.055990
2 0.499023 0.756510 0.068359 0.052083
