2 0.223633 0.767936 0.050781 0.074671
2 0.027344 0.732064 0.035156 0.090776
2 0.045898 0.717423 0.035156 0.040996
2 0.068848 0.685944 0.040039 0.065886
2 0.093262 0.757687 0.041992 0.065886
2 0.119629 0.724012 0.024414 0.039531
2 0.130371 0.693265 0.049805 0.060029
2 0.028320 0.635432 0.021484 0.049780
2 0.065430 0.628843 0.029297 0.042460
2 0.089844 0.628843 0.023438 0.060029
2 0.131836 0.625183 0.029297 0.026354
2 0.163574 0.653001 0.038086 0.064422
2 0.138184 0.663250 0.026367 0.052709
2 0.183105 0.618594 0.024414 0.036603
2 0.198242 0.607613 0.021484 0.026354
2 0.245117 0.620059 0.039062 0.033675
2 0.273926 0.739385 0.040039 0.105417
2 0.311035 0.770132 0.043945 0.040996
2 0.307617 0.729136 0.044922 0.084919
2 0.362793 0.614934 0.026367 0.049780
2 0.373535 0.606149 0.022461 0.058565
2 0.397949 0.624451 0.024414 0.039531
2 0.458008 0.606881 0.013672 0.039531
2 0.441895 0.601025 0.024414 0.036603
2 0.487793 0.601757 0.030273 0.079063
2 0.509766 0.595168 0.015625 0.030747
2 0.526367 0.596633 0.015625 0.030747
2 0.555664 0.609078 0.031250 0.076135
2 0.608887 0.618594 0.032227 0.033675
2 0.583984 0.620791 0.027344 0.035139
2 0.619629 0.702782 0.024414 0.087848
2 0.641602 0.684480 0.027344 0.074671
2 0.667969 0.688141 0.027344 0.087848
2 0.166016 0.745974 0.025391 0.033675
2 0.228027 0.686676 0.047852 0.038067
2 0.197266 0.645681 0.027344 0.052709
2 0.592285 0.699122 0.024414 0.039531
2 0.693848 0.614934 0.032227 0.079063
2 0.713379 0.594436 0.010742 0.052709
2 0.743652 0.654466 0.028320 0.084919
2 0.725586 0.693265 0.039062 0.071742
2 0.697266 0.683748 0.039062 0.032211
2 0.800293 0.581259 0.030273 0.081991
2 0.799805 0.625915 0.031250 0.033675
2 0.840332 0.674963 0.049805 0.079063
2 0.913574 0.684480 0.041992 0.048316
2 0.951660 0.702050 0.030273 0.021962
2 0.916016 0.636896 0.033203 0.067350
2 0.909180 0.581259 0.025391 0.038067
2 0.926758 0.598097 0.021484 0.033675
2 0.861816 0.600293 0.032227 0.073206
2 0.891113 0.633968 0.024414 0.061493
2 0.833008 0.600293 0.033203 0.035139
2 0.663086 0.609810 0.013672 0.033675
2 0.994141 0.586384 0.011719 0.057101
2 0.986328 0.698389 0.027344 0.049780
2 0.978027 0.615666 0.018555 0.033675
2 0.992676 0.635432 0.014648 0.038067
