2 0.293457 0.798851 0.157227 0.201149
2 0.068848 0.656609 0.118164 0.120690
2 0.413574 0.771552 0.110352 0.221264
2 0.396484 0.915948 0.195312 0.168103
2 0.515137 0.616379 0.081055 0.100575
2 0.602051 0.561063 0.083008 0.102011
2 0.632812 0.622845 0.089844 0.139368
2 0.596191 0.722701 0.157227 0.123563
2 0.613281 0.806753 0.039062 0.142241
2 0.702637 0.816810 0.165039 0.139368
2 0.674316 0.884339 0.192383 0.196839
2 0.762207 0.705460 0.090820 0.166667
2 0.851074 0.791667 0.161133 0.215517
2 0.899902 0.685345 0.084961 0.166667
2 0.953125 0.716236 0.093750 0.199713
2 0.968750 0.651580 0.062500 0.125000
2 0.899902 0.622126 0.114258 0.097701
2 0.951172 0.908046 0.085938 0.183908
