2 0.084473 0.552734 0.100586 0.235677
2 0.147949 0.536458 0.100586 0.210938
2 0.192383 0.526042 0.054688 0.088542
2 0.199707 0.502604 0.061523 0.101562
2 0.250000 0.507812 0.064453 0.148438
2 0.283691 0.577474 0.069336 0.160156
2 0.309570 0.495443 0.046875 0.100260
2 0.286621 0.444661 0.049805 0.069010
2 0.357422 0.459635 0.039062 0.114583
2 0.366699 0.535156 0.057617 0.223958
2 0.399414 0.466797 0.054688 0.147135
2 0.439453 0.488281 0.046875 0.148438
2 0.509766 0.475911 0.078125 0.108073
2 0.488770 0.598307 0.073242 0.167969
2 0.570801 0.601562 0.059570 0.135417
2 0.590820 0.525391 0.052734 0.061198
2 0.622070 0.606120 0.056641 0.152344
2 0.568848 0.501953 0.071289 0.087240
2 0.656738 0.518880 0.061523 0.131510
2 0.746094 0.558594 0.052734 0.153646
2 0.783691 0.489583 0.065430 0.065104
2 0.786621 0.412760 0.036133 0.052083
2 0.886719 0.523438 0.072266 0.190104
2 0.929199 0.441406 0.045898 0.070312
2 0.903320 0.429688 0.025391 0.067708
