2 0.474121 0.433673 0.127930 0.094752
2 0.236328 0.376093 0.470703 0.075802
2 0.317383 0.641399 0.058594 0.157434
2 0.386719 0.637755 0.031250 0.185131
2 0.414551 0.627551 0.012695 0.123907
2 0.456055 0.673469 0.054688 0.142857
2 0.486328 0.669096 0.035156 0.157434
2 0.530762 0.688047 0.053711 0.195335
2 0.586914 0.658163 0.052734 0.164723
2 0.629883 0.648688 0.050781 0.125364
2 0.709473 0.682216 0.047852 0.154519
2 0.776367 0.671283 0.046875 0.158892
2 0.826660 0.656706 0.049805 0.141399
2 0.883301 0.650146 0.043945 0.151603
2 0.924805 0.644315 0.041016 0.142857
2 0.932129 0.580175 0.018555 0.052478
2 0.951172 0.690233 0.076172 0.150146
2 0.850586 0.530612 0.070312 0.093294
2 0.780273 0.497085 0.048828 0.093294
2 0.714844 0.523324 0.027344 0.069971
2 0.472168 0.430758 0.149414 0.086006
2 0.577637 0.470845 0.172852 0.052478
2 0.355957 0.529155 0.047852 0.104956
2 0.253906 0.559767 0.048828 0.113703
2 0.203613 0.554665 0.047852 0.106414
2 0.196777 0.491254 0.053711 0.093294
2 0.153320 0.559767 0.046875 0.125364
2 0.105469 0.517493 0.039062 0.142857
2 0.433594 0.520408 0.060547 0.075802
2 0.604492 0.532070 0.042969 0.069971
2 0.552246 0.530612 0.032227 0.055394
2 0.513672 0.543003 0.044922 0.074344
2 0.781250 0.462099 0.031250 0.049563
2 0.780762 0.526239 0.047852 0.090379
2 0.814941 0.521866 0.028320 0.075802
2 0.834473 0.522595 0.038086 0.077259
2 0.967285 0.493440 0.065430 0.120991
