2 0.163574 0.259883 0.016602 0.024890
2 0.153320 0.295754 0.017578 0.023426
2 0.118652 0.246706 0.022461 0.030747
2 0.083008 0.210835 0.023438 0.014641
2 0.091309 0.166911 0.026367 0.026354
2 0.065430 0.174231 0.029297 0.029283
2 0.097168 0.134700 0.026367 0.029283
2 0.124023 0.138360 0.025391 0.021962
2 0.138672 0.172035 0.021484 0.019034
2 0.164551 0.149341 0.026367 0.020498
2 0.198242 0.113470 0.037109 0.027818
2 0.279785 0.047584 0.049805 0.057101
2 0.404785 0.062958 0.030273 0.032211
2 0.432617 0.078331 0.023438 0.036603
2 0.457520 0.105417 0.014648 0.035139
2 0.464355 0.131772 0.016602 0.017570
2 0.500977 0.451684 0.998047 0.871157
