1 0.181641 0.837240 0.316406 0.325521
1 0.198730 0.578125 0.122070 0.236979
1 0.985352 0.507161 0.029297 0.053385
1 0.882324 0.470052 0.026367 0.059896
1 0.806641 0.488281 0.039062 0.057292
1 0.739746 0.473958 0.032227 0.049479
1 0.688965 0.468099 0.032227 0.035156
1 0.650879 0.471354 0.022461 0.033854
1 0.607910 0.457031 0.016602 0.036458
1 0.577148 0.467448 0.017578 0.039062
1 0.541992 0.460938 0.013672 0.028646
1 0.522949 0.456380 0.020508 0.024740
1 0.503906 0.463542 0.015625 0.023438
1 0.486328 0.447917 0.013672 0.023438
1 0.458984 0.458333 0.021484 0.018229
1 0.436035 0.457031 0.012695 0.023438
