2 0.528320 0.245242 0.041016 0.045388
2 0.512207 0.168375 0.043945 0.046852
2 0.517578 0.135432 0.039062 0.045388
2 0.499512 0.089312 0.038086 0.058565
2 0.409180 0.054173 0.046875 0.043924
2 0.569824 0.019766 0.077148 0.036603
2 0.649902 0.071742 0.043945 0.046852
2 0.657715 0.087848 0.051758 0.029283
2 0.683105 0.116398 0.043945 0.065886
2 0.709473 0.087116 0.036133 0.068814
2 0.771484 0.029283 0.050781 0.055637
2 0.738281 0.142020 0.037109 0.061493
2 0.768066 0.147877 0.061523 0.067350
2 0.825195 0.243045 0.054688 0.070278
2 0.873047 0.180088 0.042969 0.070278
2 0.913086 0.416545 0.044922 0.057101
2 0.821289 0.251830 0.042969 0.052709
2 0.970703 0.404832 0.058594 0.103953
2 0.943848 0.193997 0.047852 0.065886
2 0.973145 0.191069 0.041992 0.074671
2 0.978516 0.135432 0.042969 0.068814
2 0.554199 0.293558 0.053711 0.062958
2 0.620605 0.377013 0.040039 0.045388
2 0.666504 0.414348 0.041992 0.052709
2 0.710449 0.300878 0.049805 0.051245
2 0.751953 0.321376 0.039062 0.080527
2 0.789062 0.358712 0.044922 0.067350
2 0.735352 0.358712 0.041016 0.038067
2 0.711426 0.377013 0.041992 0.065886
2 0.737793 0.421669 0.051758 0.067350
2 0.798340 0.482430 0.041992 0.074671
2 0.763184 0.480234 0.045898 0.052709
2 0.782715 0.508785 0.040039 0.077599
2 0.833496 0.467789 0.045898 0.039531
2 0.843750 0.493411 0.064453 0.058565
2 0.894531 0.639824 0.060547 0.105417
2 0.938477 0.604685 0.046875 0.087848
2 0.957031 0.731332 0.042969 0.106881
2 0.985352 0.704978 0.029297 0.074671
2 0.901855 0.767936 0.051758 0.060029
2 0.886719 0.862372 0.048828 0.070278
2 0.780273 0.719619 0.058594 0.054173
2 0.782227 0.671303 0.041016 0.051245
2 0.790527 0.630307 0.049805 0.071742
2 0.834473 0.631772 0.040039 0.086384
2 0.723145 0.605417 0.055664 0.062958
2 0.731934 0.523426 0.041992 0.039531
2 0.746094 0.562225 0.054688 0.064422
2 0.657227 0.584919 0.044922 0.045388
2 0.661621 0.625915 0.040039 0.057101
2 0.701660 0.667643 0.036133 0.035139
2 0.694336 0.728404 0.044922 0.054173
2 0.730957 0.768668 0.036133 0.049780
2 0.714844 0.785505 0.044922 0.071742
2 0.684570 0.825769 0.042969 0.067350
2 0.736816 0.903367 0.049805 0.058565
2 0.684570 0.921669 0.044922 0.051245
2 0.723145 0.982430 0.040039 0.035139
2 0.648438 0.960469 0.041016 0.035139
2 0.672852 0.980234 0.041016 0.030747
2 0.666504 0.945827 0.040039 0.055637
2 0.595703 0.953148 0.048828 0.043924
2 0.596680 0.983163 0.039062 0.033675
2 0.595703 0.874085 0.058594 0.043924
2 0.571289 0.914348 0.039062 0.033675
2 0.550781 0.831625 0.046875 0.070278
2 0.596191 0.732796 0.049805 0.065886
2 0.633789 0.753294 0.041016 0.048316
2 0.502441 0.729868 0.061523 0.060029
2 0.435059 0.718887 0.057617 0.052709
2 0.439453 0.768668 0.039062 0.043924
2 0.472656 0.858712 0.056641 0.048316
2 0.465820 0.909956 0.041016 0.039531
2 0.463379 0.952416 0.063477 0.051245
2 0.420410 0.972182 0.049805 0.043924
2 0.326172 0.901171 0.058594 0.045388
2 0.367188 0.785505 0.058594 0.042460
2 0.388184 0.713763 0.030273 0.060029
2 0.257812 0.789898 0.052734 0.042460
2 0.229980 0.813324 0.038086 0.042460
2 0.208008 0.765007 0.046875 0.048316
2 0.189941 0.852855 0.055664 0.051245
2 0.145508 0.887262 0.060547 0.055637
2 0.071777 0.802343 0.055664 0.058565
2 0.027344 0.842606 0.052734 0.062958
2 0.113770 0.642020 0.034180 0.071742
2 0.157227 0.642753 0.046875 0.061493
2 0.203613 0.595168 0.049805 0.089312
2 0.280762 0.634700 0.057617 0.060029
2 0.278809 0.534407 0.041992 0.064422
2 0.310059 0.521962 0.047852 0.071742
2 0.360840 0.504392 0.051758 0.080527
2 0.372070 0.567350 0.039062 0.048316
2 0.328613 0.592972 0.041992 0.040996
2 0.357910 0.596633 0.036133 0.042460
2 0.362793 0.634700 0.041992 0.042460
2 0.391602 0.621523 0.041016 0.054173
2 0.422363 0.543192 0.049805 0.055637
2 0.459473 0.561493 0.049805 0.057101
2 0.471191 0.505857 0.049805 0.065886
2 0.516602 0.521962 0.037109 0.054173
2 0.565918 0.562958 0.051758 0.071742
2 0.535156 0.606881 0.035156 0.033675
2 0.535645 0.622987 0.034180 0.024890
2 0.529785 0.647877 0.047852 0.042460
2 0.537598 0.679356 0.047852 0.046852
2 0.548828 0.483895 0.035156 0.060029
2 0.583496 0.466325 0.034180 0.068814
2 0.592285 0.431918 0.045898 0.061493
2 0.450684 0.413616 0.043945 0.065886
2 0.627441 0.543192 0.047852 0.052709
2 0.620605 0.588580 0.028320 0.035139
2 0.597656 0.620059 0.041016 0.045388
2 0.624023 0.636896 0.039062 0.046852
2 0.403320 0.365300 0.048828 0.060029
2 0.342773 0.409224 0.033203 0.042460
2 0.376465 0.406296 0.047852 0.060029
2 0.345215 0.371889 0.043945 0.040996
2 0.355957 0.348463 0.043945 0.035139
2 0.349609 0.307467 0.052734 0.061493
2 0.301270 0.304539 0.045898 0.070278
2 0.237793 0.256223 0.049805 0.055637
2 0.240234 0.311127 0.041016 0.036603
2 0.189453 0.359444 0.048828 0.060029
2 0.156738 0.437042 0.038086 0.060029
2 0.186035 0.493411 0.047852 0.043924
2 0.254395 0.450220 0.051758 0.051245
2 0.252441 0.491215 0.053711 0.054173
2 0.115234 0.483895 0.046875 0.042460
2 0.101074 0.426061 0.040039 0.067350
2 0.067871 0.485359 0.055664 0.057101
2 0.032715 0.450952 0.045898 0.038067
2 0.022461 0.398975 0.042969 0.045388
2 0.112305 0.284041 0.042969 0.067350
2 0.077637 0.241581 0.045898 0.046852
2 0.058105 0.213031 0.043945 0.042460
2 0.035156 0.279649 0.044922 0.067350
2 0.031738 0.168375 0.047852 0.067350
2 0.174805 0.084919 0.044922 0.061493
2 0.247070 0.185944 0.042969 0.038067
2 0.268555 0.183016 0.037109 0.055637
2 0.281250 0.142753 0.046875 0.054173
2 0.331543 0.091508 0.047852 0.065886
2 0.409668 0.172767 0.049805 0.058565
2 0.411133 0.246706 0.042969 0.071742
2 0.291504 0.060029 0.045898 0.052709
2 0.236328 0.065154 0.041016 0.036603
2 0.218750 0.015373 0.046875 0.027818
2 0.138184 0.016105 0.038086 0.029283
2 0.057617 0.028551 0.072266 0.054173
2 0.664062 0.213031 0.042969 0.051245
2 0.681641 0.190337 0.050781 0.081991
