2 0.209473 0.178676 0.129883 0.213235
2 0.365234 0.279412 0.160156 0.152941
2 0.547852 0.304412 0.105469 0.232353
2 0.638672 0.470588 0.132812 0.150000
2 0.586426 0.568382 0.065430 0.210294
2 0.497070 0.491912 0.035156 0.180882
2 0.428711 0.506618 0.103516 0.107353
2 0.444824 0.418382 0.196289 0.113235
2 0.401855 0.592647 0.102539 0.108824
2 0.380859 0.531618 0.078125 0.083824
2 0.316406 0.561765 0.140625 0.220588
2 0.248535 0.647059 0.065430 0.114706
2 0.750000 0.578676 0.089844 0.145588
2 0.914062 0.563971 0.054688 0.127941
2 0.892578 0.429412 0.208984 0.288235
2 0.849609 0.153676 0.128906 0.239706
2 0.061035 0.348529 0.047852 0.067647
