2 0.259766 0.289714 0.128906 0.147135
2 0.399414 0.242188 0.134766 0.122396
2 0.423340 0.121745 0.090820 0.100260
2 0.553711 0.119141 0.093750 0.115885
2 0.541016 0.234375 0.132812 0.109375
2 0.644531 0.353516 0.058594 0.053385
2 0.625977 0.479818 0.160156 0.165365
2 0.484863 0.324219 0.071289 0.075521
2 0.431152 0.361328 0.075195 0.071615
2 0.470215 0.436849 0.112305 0.076823
2 0.492676 0.556641 0.096680 0.069010
2 0.488770 0.681641 0.081055 0.089844
2 0.541016 0.661458 0.023438 0.041667
2 0.595703 0.689453 0.083984 0.115885
2 0.669922 0.745443 0.093750 0.089844
2 0.718262 0.697266 0.110352 0.079427
2 0.531738 0.815104 0.067383 0.164062
2 0.314453 0.781901 0.099609 0.092448
2 0.290039 0.652344 0.142578 0.151042
2 0.329102 0.654297 0.105469 0.066406
2 0.137207 0.421875 0.086914 0.091146
2 0.189941 0.450521 0.149414 0.109375
2 0.235352 0.522135 0.060547 0.046875
2 0.111328 0.342448 0.062500 0.093750
2 0.105469 0.703125 0.087891 0.130208
2 0.073242 0.755859 0.072266 0.092448
2 0.036133 0.881510 0.070312 0.046875
