1 0.211426 0.590237 0.084961 0.124260
1 0.268066 0.489645 0.069336 0.133136
1 0.299316 0.423077 0.077148 0.109467
1 0.326172 0.370562 0.064453 0.084320
1 0.347656 0.326183 0.058594 0.107988
1 0.383301 0.284024 0.079102 0.103550
1 0.425781 0.256657 0.046875 0.096154
1 0.464355 0.240385 0.061523 0.107988
1 0.508789 0.215237 0.058594 0.116864
1 0.548340 0.202663 0.047852 0.112426
1 0.587891 0.201183 0.046875 0.109467
1 0.629883 0.235207 0.048828 0.124260
1 0.662598 0.256657 0.047852 0.119822
1 0.697266 0.295118 0.042969 0.116864
1 0.733887 0.331361 0.041992 0.097633
1 0.764160 0.369083 0.034180 0.081361
1 0.793457 0.416420 0.045898 0.102071
1 0.822266 0.462278 0.029297 0.069527
1 0.846680 0.502959 0.035156 0.085799
1 0.870117 0.560651 0.035156 0.079882
1 0.892578 0.622041 0.035156 0.096154
1 0.403320 0.403107 0.048828 0.072485
1 0.455078 0.345414 0.042969 0.051775
1 0.485352 0.329142 0.025391 0.054734
1 0.528809 0.330621 0.034180 0.069527
1 0.557617 0.345414 0.033203 0.054734
1 0.580566 0.378698 0.034180 0.112426
1 0.612793 0.409763 0.040039 0.127219
1 0.659668 0.453402 0.043945 0.060651
1 0.714844 0.545858 0.029297 0.073964
