1 0.377441 0.329412 0.079102 0.138235
1 0.313965 0.396324 0.053711 0.107353
1 0.256348 0.381618 0.043945 0.066176
1 0.273438 0.538971 0.074219 0.119118
1 0.256348 0.650735 0.051758 0.066176
1 0.178223 0.584559 0.049805 0.080882
1 0.054199 0.492647 0.063477 0.094118
1 0.179199 0.727206 0.057617 0.086765
1 0.419434 0.679412 0.041992 0.091176
1 0.390625 0.650000 0.035156 0.061765
1 0.342285 0.636765 0.040039 0.064706
1 0.339355 0.682353 0.041992 0.073529
1 0.515137 0.657353 0.049805 0.094118
1 0.548828 0.650735 0.042969 0.101471
1 0.600586 0.634559 0.052734 0.072059
1 0.683594 0.683824 0.058594 0.073529
1 0.749512 0.643382 0.045898 0.069118
1 0.814941 0.790441 0.036133 0.051471
1 0.668457 0.456618 0.086914 0.116176
1 0.638672 0.548529 0.044922 0.088235
1 0.477539 0.412500 0.042969 0.069118
1 0.553711 0.377206 0.091797 0.116176
1 0.516113 0.266176 0.098633 0.132353
1 0.593750 0.087500 0.109375 0.136765
1 0.685059 0.052206 0.106445 0.101471
