1 0.517578 0.476562 0.048828 0.059896
1 0.775391 0.483073 0.052734 0.057292
1 0.775391 0.531901 0.037109 0.058594
1 0.866699 0.513021 0.069336 0.122396
1 0.672363 0.683594 0.041992 0.057292
1 0.717285 0.926432 0.024414 0.029948
1 0.938477 0.888672 0.025391 0.035156
1 0.567871 0.872396 0.024414 0.026042
1 0.493164 0.829427 0.035156 0.052083
1 0.443848 0.826823 0.024414 0.018229
1 0.419434 0.895182 0.018555 0.022135
1 0.276855 0.837240 0.036133 0.049479
1 0.272949 0.876302 0.032227 0.041667
1 0.280273 0.714193 0.035156 0.063802
1 0.208496 0.470703 0.040039 0.063802
1 0.107910 0.536458 0.032227 0.049479
1 0.088379 0.725260 0.026367 0.026042
1 0.080566 0.828125 0.043945 0.046875
