1 0.177246 0.643485 0.043945 0.065886
1 0.202637 0.746706 0.049805 0.099561
1 0.286621 0.866032 0.057617 0.086384
1 0.332031 0.811127 0.054688 0.093704
1 0.487305 0.852855 0.076172 0.098097
1 0.524902 0.399707 0.083008 0.111274
1 0.581543 0.362372 0.057617 0.106881
1 0.609863 0.521230 0.053711 0.090776
1 0.532227 0.687408 0.058594 0.083455
1 0.703613 0.959004 0.047852 0.081991
1 0.878418 0.879941 0.088867 0.120059
1 0.761719 0.177892 0.074219 0.092240
1 0.989258 0.630307 0.021484 0.109810
1 0.876953 0.975110 0.087891 0.049780
