3 0.751563 0.022222 0.027083 0.042593
3 0.505469 0.036574 0.025521 0.034259
3 0.428125 0.190741 0.026042 0.037037
3 0.549479 0.334259 0.015625 0.024074
3 0.645833 0.374537 0.016667 0.021296
3 0.618229 0.584722 0.018750 0.019444
3 0.835417 0.477315 0.015625 0.034259
3 0.723698 0.628241 0.023438 0.036111
3 0.884635 0.481481 0.017188 0.029630
3 0.903646 0.546296 0.014583 0.029630
3 0.930729 0.564815 0.026042 0.038889
3 0.933073 0.622222 0.018229 0.027778
3 0.991146 0.539352 0.017708 0.045370
3 0.987240 0.575926 0.025521 0.029630
3 0.920573 0.397685 0.018229 0.030556
3 0.931250 0.279167 0.019792 0.028704
3 0.879167 0.353704 0.019792 0.029630
3 0.948177 0.346759 0.019271 0.030556
3 0.838021 0.243519 0.022917 0.035185
3 0.701823 0.366204 0.019271 0.030556
