3 0.311198 0.396759 0.032813 0.032407
3 0.349219 0.280093 0.029687 0.039815
3 0.083073 0.145833 0.030729 0.039815
3 0.426823 0.366667 0.036979 0.040741
3 0.450000 0.400000 0.023958 0.035185
3 0.463021 0.357407 0.020833 0.033333
3 0.446875 0.312500 0.013542 0.025000
3 0.488542 0.344444 0.016667 0.020370
3 0.570833 0.379167 0.035417 0.050926
3 0.632552 0.432870 0.020313 0.034259
3 0.611458 0.528704 0.013542 0.031481
3 0.525521 0.529630 0.015625 0.020370
3 0.697656 0.344907 0.026562 0.034259
3 0.676302 0.312500 0.018229 0.026852
3 0.678125 0.253704 0.015625 0.033333
3 0.617969 0.162037 0.020313 0.033333
3 0.604688 0.031944 0.026042 0.049074
3 0.556510 0.136574 0.032813 0.049074
3 0.561198 0.313889 0.022396 0.022222
3 0.576042 0.325926 0.014583 0.018519
3 0.241927 0.225926 0.018229 0.046296
3 0.246875 0.150463 0.017708 0.030556
3 0.289062 0.216667 0.019792 0.027778
