3 0.388542 0.297685 0.058333 0.087963
3 0.585156 0.247685 0.024479 0.028704
3 0.583854 0.204630 0.027083 0.037037
3 0.479427 0.109259 0.032813 0.048148
3 0.493229 0.052315 0.052083 0.075000
3 0.293750 0.078704 0.041667 0.051852
3 0.321615 0.082870 0.017188 0.023148
3 0.334115 0.113426 0.020313 0.021296
3 0.339583 0.150463 0.017708 0.034259
3 0.392969 0.077778 0.016146 0.027778
3 0.313802 0.260185 0.017188 0.059259
3 0.357812 0.417593 0.033333 0.050000
3 0.291146 0.466667 0.015625 0.031481
3 0.240625 0.356944 0.020833 0.032407
3 0.248958 0.330556 0.018750 0.027778
3 0.279167 0.221296 0.016667 0.031481
3 0.264844 0.245833 0.018229 0.030556
3 0.156771 0.448148 0.016667 0.024074
3 0.009375 0.274537 0.017708 0.036111
