3 0.236458 0.459722 0.038542 0.050926
3 0.687760 0.712963 0.063021 0.072222
3 0.801302 0.896296 0.059896 0.081481
3 0.830469 0.900000 0.028646 0.035185
3 0.937500 0.678704 0.063542 0.074074
3 0.916667 0.498611 0.031250 0.037963
3 0.772917 0.530556 0.023958 0.038889
3 0.904427 0.381944 0.025521 0.036111
3 0.949740 0.427315 0.033854 0.036111
3 0.989062 0.261111 0.017708 0.035185
3 0.992708 0.228241 0.014583 0.028704
3 0.976823 0.089352 0.029687 0.037963
3 0.716406 0.099537 0.026562 0.043519
3 0.753906 0.288426 0.023438 0.037963
3 0.663542 0.318519 0.018750 0.027778
3 0.553385 0.028704 0.018229 0.022222
3 0.554167 0.385185 0.018750 0.031481
