3 0.122917 0.171296 0.041667 0.059259
3 0.171354 0.213426 0.034375 0.050926
3 0.285156 0.207407 0.028646 0.046296
3 0.271354 0.354630 0.021875 0.046296
3 0.234896 0.359722 0.030208 0.047222
3 0.161719 0.351389 0.034896 0.052778
3 0.264323 0.540278 0.020313 0.054630
3 0.328385 0.526852 0.026562 0.051852
3 0.357292 0.621296 0.045833 0.079630
3 0.231250 0.795370 0.031250 0.051852
3 0.262500 0.782407 0.020833 0.038889
3 0.273698 0.678241 0.024479 0.034259
3 0.462240 0.818056 0.024479 0.037963
3 0.494010 0.837963 0.053646 0.096296
3 0.428906 0.957870 0.053646 0.076852
3 0.688021 0.344907 0.020833 0.047222
