3 0.394792 0.420370 0.032292 0.037037
3 0.585677 0.518981 0.021354 0.036111
3 0.807292 0.334259 0.021875 0.053704
3 0.842448 0.322222 0.023438 0.033333
3 0.901042 0.350000 0.030208 0.048148
3 0.932031 0.470833 0.026562 0.049074
3 0.981771 0.529630 0.036458 0.170370
3 0.872656 0.208796 0.019271 0.028704
3 0.853646 0.234722 0.017708 0.025000
3 0.844792 0.085648 0.020833 0.032407
3 0.869010 0.042130 0.034896 0.045370
3 0.444010 0.042593 0.024479 0.035185
3 0.471354 0.148611 0.019792 0.034259
3 0.307812 0.071296 0.035417 0.042593
