3 0.348438 0.377315 0.033333 0.063889
3 0.193490 0.182870 0.020313 0.036111
3 0.187240 0.121296 0.031771 0.040741
3 0.492448 0.144444 0.030729 0.042593
3 0.415365 0.228241 0.022396 0.032407
3 0.577344 0.367593 0.024479 0.044444
3 0.501042 0.515278 0.020833 0.045370
3 0.570052 0.627315 0.023438 0.045370
3 0.544010 0.533796 0.016146 0.037963
3 0.728385 0.536111 0.027604 0.042593
3 0.723437 0.646759 0.023958 0.036111
3 0.773438 0.637037 0.016667 0.029630
3 0.799219 0.648148 0.030729 0.042593
3 0.900000 0.593519 0.039583 0.064815
3 0.929688 0.655093 0.020833 0.043519
3 0.928125 0.783333 0.057292 0.079630
3 0.839844 0.486574 0.022396 0.043519
3 0.929948 0.488426 0.025521 0.045370
3 0.946615 0.532870 0.024479 0.030556
3 0.856771 0.588889 0.021875 0.027778
3 0.899740 0.353704 0.019271 0.035185
3 0.918229 0.380556 0.025000 0.042593
3 0.962240 0.296296 0.028646 0.044444
3 0.967708 0.238889 0.022917 0.038889
