3 0.416667 0.379167 0.027083 0.043519
3 0.273958 0.237963 0.026042 0.035185
3 0.266667 0.173611 0.022917 0.037963
3 0.498698 0.106481 0.033854 0.042593
3 0.540625 0.089815 0.037500 0.046296
3 0.619010 0.175463 0.053646 0.080556
3 0.654687 0.223148 0.022917 0.033333
3 0.652604 0.264815 0.027083 0.033333
3 0.682813 0.331944 0.019792 0.045370
3 0.594792 0.435648 0.022917 0.032407
3 0.507031 0.243056 0.023438 0.030556
3 0.451302 0.318056 0.026562 0.028704
3 0.730990 0.209722 0.023438 0.032407
3 0.792969 0.176389 0.039062 0.034259
3 0.812760 0.244907 0.043229 0.062037
3 0.831250 0.355093 0.019792 0.036111
3 0.753125 0.627315 0.026042 0.039815
3 0.886979 0.579630 0.025000 0.025926
3 0.903906 0.309722 0.030729 0.050926
3 0.966406 0.094907 0.031771 0.054630
3 0.966667 0.164815 0.027083 0.055556
3 0.987240 0.203704 0.025521 0.051852
