3 0.195573 0.667593 0.027604 0.033333
3 0.351042 0.826852 0.029167 0.048148
3 0.326302 0.913889 0.020313 0.029630
3 0.466406 0.618056 0.032813 0.045370
3 0.561979 0.540741 0.039583 0.051852
3 0.416406 0.517130 0.054688 0.065741
3 0.286198 0.480556 0.030729 0.037037
3 0.260156 0.434259 0.039062 0.068519
3 0.294010 0.207870 0.031771 0.043519
3 0.051042 0.289352 0.022917 0.028704
3 0.410417 0.156019 0.022917 0.026852
3 0.370052 0.328704 0.021354 0.035185
3 0.439583 0.320370 0.015625 0.022222
3 0.483073 0.366667 0.039062 0.051852
3 0.467708 0.297685 0.028125 0.041667
3 0.525000 0.162037 0.027083 0.040741
3 0.590104 0.383796 0.019792 0.034259
3 0.623437 0.360185 0.022917 0.042593
3 0.432812 0.069907 0.016667 0.034259
3 0.490625 0.048148 0.022917 0.027778
3 0.779427 0.424074 0.025521 0.029630
3 0.813802 0.246296 0.019271 0.037037
