3 0.386979 0.440278 0.034375 0.049074
3 0.408854 0.461111 0.020833 0.037037
3 0.527865 0.486574 0.024479 0.030556
3 0.514844 0.402315 0.043229 0.062037
3 0.561979 0.354167 0.018750 0.034259
3 0.569010 0.375000 0.023438 0.035185
3 0.642969 0.482870 0.023438 0.036111
3 0.727083 0.531944 0.020833 0.032407
3 0.702865 0.616667 0.020313 0.042593
3 0.644271 0.299074 0.020833 0.029630
3 0.651563 0.276852 0.025000 0.031481
3 0.677865 0.193519 0.026562 0.031481
3 0.767969 0.354630 0.020313 0.027778
3 0.605990 0.193981 0.023438 0.039815
3 0.646875 0.207870 0.010417 0.021296
3 0.537240 0.178241 0.010937 0.021296
3 0.520833 0.192593 0.015625 0.025926
3 0.484635 0.042130 0.010937 0.032407
3 0.315365 0.067130 0.019271 0.036111
