3 0.353385 0.444907 0.053646 0.069444
3 0.466927 0.571296 0.026562 0.055556
3 0.491667 0.575463 0.038542 0.060185
3 0.560156 0.882870 0.024479 0.026852
3 0.548438 0.424074 0.021875 0.046296
3 0.472917 0.364352 0.021875 0.037963
3 0.442708 0.258796 0.026042 0.050926
3 0.344010 0.309259 0.027604 0.050000
3 0.336198 0.349074 0.027604 0.035185
3 0.375781 0.358796 0.021354 0.034259
3 0.391146 0.327315 0.021875 0.037963
3 0.398958 0.361111 0.014583 0.024074
3 0.296875 0.251852 0.021875 0.035185
3 0.227604 0.270833 0.020833 0.037963
3 0.231771 0.339352 0.025000 0.032407
3 0.215625 0.355556 0.029167 0.037037
3 0.290625 0.465278 0.034375 0.043519
3 0.234896 0.099537 0.026042 0.028704
3 0.203385 0.040278 0.032813 0.050926
3 0.047135 0.019907 0.027604 0.037963
