3 0.233854 0.258796 0.023958 0.039815
3 0.230729 0.193056 0.028125 0.036111
3 0.295312 0.157870 0.017708 0.030556
3 0.217969 0.064352 0.028646 0.041667
3 0.388281 0.220370 0.025521 0.038889
3 0.409375 0.390278 0.042708 0.087963
3 0.324740 0.419444 0.027604 0.029630
3 0.535417 0.457407 0.021875 0.033333
3 0.559635 0.428241 0.036979 0.056481
3 0.646875 0.260185 0.022917 0.027778
3 0.519531 0.244444 0.024479 0.046296
3 0.427865 0.043056 0.035937 0.047222
3 0.401302 0.043519 0.030729 0.053704
3 0.726302 0.061111 0.028646 0.040741
3 0.032552 0.082407 0.022396 0.033333
