3 0.334115 0.249537 0.057813 0.086111
3 0.421875 0.158333 0.057292 0.061111
3 0.484896 0.015741 0.062500 0.029630
3 0.560937 0.280093 0.039583 0.076852
3 0.649479 0.371296 0.060417 0.092593
3 0.567187 0.687037 0.093750 0.168519
3 0.450781 0.725000 0.047396 0.057407
3 0.414323 0.735648 0.016146 0.030556
3 0.715885 0.983333 0.093229 0.033333
3 0.910677 0.759722 0.050521 0.071296
3 0.906771 0.490278 0.052083 0.087963
3 0.796875 0.578704 0.021875 0.048148
3 0.721875 0.550926 0.036458 0.033333
3 0.846094 0.041667 0.067187 0.081481
