3 0.218229 0.165278 0.026042 0.050926
3 0.215104 0.079167 0.039583 0.049074
3 0.245833 0.015741 0.048958 0.029630
3 0.413021 0.170370 0.076042 0.120370
3 0.345833 0.293056 0.048958 0.065741
3 0.433073 0.299074 0.030729 0.048148
3 0.465365 0.259722 0.043229 0.067593
3 0.506510 0.168056 0.059896 0.078704
3 0.474219 0.052315 0.026562 0.056481
3 0.552344 0.106019 0.032813 0.041667
3 0.594271 0.081019 0.035417 0.047222
3 0.715104 0.059259 0.042708 0.059259
3 0.800521 0.028241 0.020833 0.043519
3 0.857292 0.291204 0.051042 0.058333
3 0.721875 0.215741 0.071875 0.109259
3 0.644531 0.550926 0.034896 0.072222
3 0.851823 0.513426 0.041146 0.069444
3 0.982812 0.087037 0.034375 0.074074
3 0.905469 0.060185 0.033854 0.061111
