3 0.429948 0.295370 0.026562 0.051852
3 0.422135 0.526389 0.030729 0.032407
3 0.426042 0.582407 0.025000 0.046296
3 0.594271 0.615741 0.026042 0.022222
3 0.644271 0.214815 0.031250 0.055556
3 0.766927 0.234259 0.038021 0.057407
3 0.778385 0.314352 0.026562 0.041667
3 0.809375 0.288426 0.028125 0.032407
3 0.821615 0.225463 0.053646 0.073148
3 0.853906 0.315741 0.018229 0.027778
3 0.872396 0.335185 0.031250 0.037037
3 0.869531 0.387963 0.036979 0.055556
3 0.688542 0.101852 0.023958 0.035185
3 0.765365 0.111111 0.020313 0.016667
3 0.765365 0.012037 0.020313 0.022222
3 0.891667 0.009259 0.050000 0.016667
3 0.392708 0.019444 0.013542 0.025926
3 0.324740 0.087037 0.022396 0.031481
3 0.144271 0.173148 0.029167 0.037037
