3 0.396094 0.179167 0.022396 0.021296
3 0.464323 0.153704 0.020313 0.027778
3 0.426563 0.125463 0.018750 0.030556
3 0.696615 0.160185 0.017188 0.031481
3 0.502604 0.282870 0.021875 0.025000
3 0.427344 0.489352 0.027604 0.041667
3 0.393490 0.550463 0.024479 0.041667
3 0.389062 0.600000 0.020833 0.029630
3 0.495312 0.461111 0.014583 0.022222
3 0.454688 0.435185 0.014583 0.018519
3 0.460938 0.404630 0.010417 0.014815
3 0.507812 0.392593 0.015625 0.018519
3 0.419792 0.388889 0.010417 0.016667
3 0.429688 0.399074 0.006250 0.016667
3 0.355729 0.501389 0.028125 0.045370
3 0.358073 0.537963 0.017188 0.020370
3 0.276562 0.639815 0.021875 0.029630
3 0.724740 0.567130 0.021354 0.030556
3 0.807031 0.509722 0.023438 0.037963
3 0.852604 0.175926 0.013542 0.020370
