3 0.685937 0.490278 0.031250 0.043519
3 0.676042 0.391667 0.028125 0.035185
3 0.790885 0.394907 0.029687 0.047222
3 0.787500 0.507407 0.023958 0.027778
3 0.730729 0.579630 0.018750 0.033333
3 0.737240 0.682407 0.026562 0.044444
3 0.860938 0.762963 0.050000 0.092593
3 0.857031 0.518519 0.073438 0.094444
3 0.882031 0.324537 0.022396 0.034259
3 0.871354 0.346759 0.022917 0.030556
3 0.841927 0.306019 0.028646 0.049074
3 0.857812 0.217593 0.023958 0.035185
3 0.881510 0.166667 0.028646 0.044444
3 0.913542 0.162963 0.034375 0.042593
3 0.530729 0.193056 0.031250 0.047222
3 0.518229 0.397222 0.020833 0.040741
3 0.499219 0.409259 0.018229 0.035185
3 0.466667 0.500463 0.021875 0.043519
3 0.334896 0.649074 0.025000 0.046296
3 0.376563 0.173148 0.023958 0.038889
3 0.154167 0.196759 0.027083 0.047222
3 0.146875 0.094907 0.041667 0.075000
