3 0.305469 0.828241 0.026562 0.060185
3 0.016927 0.477315 0.032813 0.086111
3 0.164323 0.027778 0.046354 0.053704
3 0.701562 0.020833 0.044792 0.039815
3 0.838281 0.137500 0.018229 0.036111
3 0.831250 0.178241 0.026042 0.045370
3 0.827344 0.336574 0.053646 0.112037
3 0.754167 0.621296 0.035417 0.059259
3 0.789062 0.650000 0.042708 0.072222
3 0.676823 0.799074 0.033854 0.046296
3 0.871354 0.820833 0.058333 0.082407
3 0.969010 0.738426 0.053646 0.073148
3 0.970052 0.430093 0.059896 0.150926
3 0.825260 0.310648 0.028646 0.030556
