3 0.588281 0.146296 0.011979 0.007407
3 0.902083 0.313889 0.013542 0.014815
3 0.976823 0.320833 0.015104 0.019444
3 0.970573 0.313889 0.000521 0.000000
3 0.983333 0.325926 0.000000 0.000000
3 0.497656 0.383333 0.005729 0.005556
3 0.667969 0.424074 0.011979 0.014815
3 0.764323 0.436574 0.015104 0.021296
3 0.295573 0.445833 0.005729 0.006481
3 0.796875 0.520370 0.023958 0.029630
3 0.591667 0.554167 0.022917 0.032407
3 0.866406 0.550000 0.011979 0.018519
3 0.840885 0.712500 0.048438 0.084259
3 0.713021 0.747685 0.006250 0.006481
3 0.939323 0.807870 0.027604 0.030556
3 0.540625 0.799074 0.000000 0.000000
3 0.539062 0.805093 0.007292 0.010185
3 0.429948 0.879630 0.024479 0.029630
