3 0.563542 0.059259 0.009375 0.012963
3 0.463021 0.093981 0.008333 0.010185
3 0.206510 0.109722 0.003646 0.002778
3 0.897135 0.115741 0.008854 0.009259
3 0.994010 0.130093 0.002604 0.002778
3 0.723437 0.148148 0.003125 0.001852
3 0.495312 0.193981 0.012500 0.010185
3 0.566927 0.218519 0.010937 0.012963
3 0.807552 0.238889 0.002604 0.005556
3 0.530208 0.241204 0.003125 0.002778
3 0.601042 0.273611 0.008333 0.017593
3 0.553385 0.286111 0.014063 0.014815
3 0.539844 0.282407 0.002604 0.005556
3 0.579688 0.331019 0.009375 0.006481
3 0.419792 0.347222 0.028125 0.033333
3 0.425000 0.383333 0.011458 0.016667
3 0.484635 0.400000 0.027604 0.042593
3 0.526823 0.398611 0.021354 0.025000
3 0.059375 0.392130 0.006250 0.004630
3 0.944531 0.432407 0.008854 0.011111
3 0.277344 0.440741 0.009896 0.009259
3 0.484375 0.487037 0.011458 0.014815
3 0.819792 0.524074 0.009375 0.009259
3 0.822656 0.525000 0.000521 0.000000
