3 0.339583 0.037500 0.023958 0.032407
3 0.573698 0.041667 0.007812 0.005556
3 0.358333 0.191667 0.019792 0.027778
3 0.884635 0.247222 0.006771 0.011111
3 0.546094 0.268981 0.023438 0.036111
3 0.541406 0.371759 0.026562 0.047222
3 0.138021 0.365278 0.030208 0.026852
3 0.326302 0.451389 0.009896 0.008333
3 0.582031 0.497685 0.045312 0.043519
3 0.782031 0.532870 0.022396 0.030556
3 0.393229 0.572222 0.000000 0.000000
3 0.398177 0.579167 0.008854 0.012037
3 0.453646 0.767130 0.085417 0.128704
3 0.081771 0.793519 0.061458 0.101852
3 0.757292 0.853241 0.056250 0.069444
3 0.120052 0.869907 0.033854 0.043519
3 0.665104 0.912500 0.022917 0.017593
