3 0.208333 0.089352 0.009375 0.012037
3 0.976823 0.105093 0.007812 0.010185
3 0.475260 0.114815 0.003646 0.005556
3 0.997135 0.233796 0.004687 0.012037
3 0.600000 0.292593 0.005208 0.003704
3 0.494271 0.310185 0.007292 0.009259
3 0.940104 0.321296 0.021875 0.020370
3 0.618750 0.348148 0.009375 0.011111
3 0.896354 0.411574 0.004167 0.004630
3 0.995052 0.416667 0.008854 0.011111
3 0.831771 0.425000 0.009375 0.024074
3 0.939063 0.441667 0.018750 0.016667
3 0.961198 0.459259 0.002604 0.007407
3 0.597396 0.472222 0.003125 0.007407
3 0.998437 0.520370 0.002083 0.003704
3 0.583854 0.706019 0.009375 0.012037
3 0.769792 0.750463 0.008333 0.008333
