3 0.382552 0.023148 0.010937 0.016667
3 0.469271 0.050463 0.018750 0.030556
3 0.609115 0.078704 0.006771 0.007407
3 0.724740 0.112037 0.009896 0.014815
3 0.954688 0.128241 0.020833 0.028704
3 0.827344 0.257870 0.016146 0.013889
3 0.647135 0.367593 0.035937 0.022222
3 0.976562 0.391667 0.040625 0.046296
3 0.386719 0.443519 0.006771 0.005556
3 0.501563 0.468519 0.026042 0.031481
3 0.884115 0.486111 0.024479 0.016667
3 0.888021 0.480556 0.000000 0.000000
3 0.879948 0.481944 0.000521 0.000926
3 0.584375 0.574074 0.088542 0.105556
3 0.684375 0.531019 0.007292 0.010185
3 0.452865 0.532407 0.009896 0.011111
3 0.097656 0.543519 0.031771 0.012963
3 0.292969 0.585648 0.008854 0.010185
3 0.328906 0.663889 0.004687 0.005556
3 0.714323 0.753704 0.039062 0.024074
3 0.983594 0.777315 0.015104 0.021296
3 0.129688 0.816667 0.065625 0.079630
3 0.182031 0.859259 0.033854 0.033333
