3 0.159635 0.233333 0.064062 0.040741
3 0.531250 0.247685 0.051042 0.067593
3 0.546615 0.606481 0.010937 0.012963
3 0.263802 0.831019 0.098437 0.158333
3 0.843229 0.871759 0.093750 0.152778
3 0.004167 0.850463 0.008333 0.015741
3 0.007292 0.846296 0.000000 0.000000
3 0.007812 0.847222 0.000000 0.000000
3 0.009896 0.847222 0.000000 0.000000
3 0.008333 0.848148 0.000000 0.000000
3 0.009896 0.849074 0.000000 0.000000
3 0.006771 0.865741 0.000000 0.000000
3 0.007812 0.865741 0.000000 0.000000
3 0.006510 0.875463 0.013021 0.017593
3 0.011979 0.867593 0.000000 0.000000
3 0.009375 0.870370 0.000000 0.000000
3 0.751563 0.935648 0.043750 0.069444
