3 0.706250 0.031019 0.018750 0.023148
3 0.242448 0.063426 0.003646 0.006481
3 0.851562 0.115741 0.041667 0.051852
3 0.896615 0.095370 0.004687 0.007407
3 0.360156 0.120370 0.008854 0.014815
3 0.905469 0.168056 0.004687 0.008333
3 0.883854 0.178241 0.016667 0.023148
3 0.979167 0.177778 0.012500 0.018519
3 0.991667 0.189352 0.015625 0.019444
3 0.282292 0.221296 0.006250 0.007407
3 0.612500 0.223611 0.003125 0.006481
3 0.603646 0.252315 0.004167 0.006481
3 0.841667 0.266667 0.015625 0.016667
3 0.754167 0.365278 0.009375 0.012037
3 0.479687 0.383333 0.007292 0.011111
3 0.895833 0.417593 0.007292 0.009259
3 0.718490 0.429630 0.003646 0.009259
3 0.986719 0.619444 0.008854 0.005556
3 0.051823 0.680093 0.003646 0.006481
3 0.805469 0.702778 0.008854 0.014815
