3 0.334896 0.010648 0.003125 0.004630
3 0.719531 0.145833 0.005729 0.006481
3 0.939583 0.168056 0.007292 0.010185
3 0.084115 0.186111 0.016146 0.022222
3 0.257552 0.226389 0.002604 0.002778
3 0.345052 0.277315 0.007812 0.012037
3 0.815365 0.333796 0.003646 0.004630
3 0.406771 0.350926 0.007292 0.009259
3 0.497656 0.389815 0.010937 0.012963
3 0.319531 0.392593 0.008854 0.012963
3 0.690885 0.426852 0.002604 0.003704
3 0.503125 0.463889 0.002083 0.003704
3 0.334115 0.471296 0.006771 0.009259
3 0.413281 0.487500 0.022396 0.030556
3 0.531771 0.494444 0.008333 0.016667
3 0.435937 0.503704 0.002083 0.005556
3 0.405990 0.517593 0.005729 0.016667
3 0.435677 0.516667 0.017188 0.012963
3 0.402865 0.524074 0.000521 0.000000
3 0.335677 0.546759 0.008854 0.012037
3 0.684375 0.548148 0.008333 0.012963
3 0.387500 0.561111 0.026042 0.037037
3 0.331250 0.544444 0.000000 0.000000
3 0.690625 0.601389 0.002083 0.006481
3 0.317969 0.642130 0.019271 0.021296
3 0.352083 0.658333 0.013542 0.012963
3 0.950260 0.704167 0.015104 0.019444
3 0.688281 0.883333 0.008854 0.012963
3 0.514323 0.915741 0.007812 0.011111
