3 0.432552 0.014352 0.006771 0.006481
3 0.357031 0.030556 0.011979 0.024074
3 0.077604 0.087500 0.013542 0.025000
3 0.218750 0.093981 0.012500 0.025000
3 0.323177 0.159722 0.067187 0.095370
3 0.683594 0.240278 0.051562 0.093519
3 0.058594 0.228704 0.030729 0.050000
3 0.642969 0.287500 0.024479 0.036111
3 0.119792 0.287037 0.015625 0.020370
3 0.227083 0.329630 0.028125 0.042593
3 0.716667 0.487037 0.005208 0.007407
3 0.984635 0.780093 0.017188 0.023148
3 0.081771 0.886111 0.008333 0.014815
3 0.175000 0.981944 0.005208 0.004630
