3 0.438542 0.002778 0.006250 0.005556
3 0.442969 0.000000 0.000521 0.000000
3 0.982812 0.043056 0.007292 0.010185
3 0.795833 0.118519 0.003125 0.005556
3 0.429167 0.121296 0.007292 0.009259
3 0.738281 0.135648 0.002604 0.006481
3 0.438542 0.156019 0.008333 0.012037
3 0.429948 0.163889 0.010937 0.025926
3 0.401302 0.163889 0.002604 0.005556
3 0.345052 0.184259 0.014063 0.024074
3 0.379688 0.286111 0.033333 0.053704
3 0.484375 0.272222 0.002083 0.005556
3 0.519792 0.289352 0.009375 0.023148
3 0.523698 0.347685 0.002604 0.006481
3 0.879167 0.357407 0.006250 0.009259
3 0.700521 0.371759 0.003125 0.006481
3 0.251302 0.459259 0.002604 0.005556
3 0.404167 0.510648 0.008333 0.019444
3 0.507552 0.519444 0.011979 0.020370
3 0.409896 0.537500 0.027083 0.037963
3 0.301563 0.612037 0.010417 0.014815
3 0.713281 0.680556 0.005729 0.009259
