3 0.282031 0.000926 0.002604 0.001852
3 0.292708 0.000000 0.000000 0.000000
3 0.541927 0.070370 0.014063 0.018519
3 0.472396 0.098611 0.007292 0.010185
3 0.476562 0.093519 0.000000 0.000000
3 0.942187 0.149074 0.041667 0.037037
3 0.704688 0.188426 0.038542 0.021296
3 0.186979 0.236111 0.035417 0.029630
3 0.455729 0.345833 0.029167 0.034259
3 0.744792 0.528704 0.079167 0.090741
3 0.877865 0.494444 0.034896 0.022222
3 0.859896 0.490741 0.000000 0.000000
3 0.870833 0.497685 0.000000 0.000926
3 0.872396 0.497222 0.000000 0.000000
3 0.476302 0.644444 0.074479 0.092593
3 0.524740 0.674537 0.025521 0.045370
