3 0.047135 0.042593 0.004687 0.009259
3 0.422396 0.113426 0.012500 0.017593
3 0.429688 0.122685 0.003125 0.002778
3 0.571875 0.131019 0.012500 0.019444
3 0.369531 0.131944 0.005729 0.012037
3 0.314063 0.139352 0.006250 0.012037
3 0.396875 0.166204 0.006250 0.010185
3 0.272917 0.172222 0.007292 0.011111
3 0.414323 0.171759 0.002604 0.002778
3 0.226823 0.203241 0.006771 0.012037
3 0.457031 0.208796 0.002604 0.004630
3 0.355990 0.221759 0.011979 0.019444
3 0.545312 0.335648 0.022917 0.041667
3 0.255729 0.333796 0.013542 0.021296
3 0.393229 0.349074 0.021875 0.040741
3 0.522656 0.358796 0.010937 0.015741
3 0.335938 0.400926 0.012500 0.018519
3 0.548177 0.412963 0.002604 0.003704
3 0.547656 0.547685 0.008854 0.013889
3 0.198698 0.621296 0.004687 0.007407
3 0.250781 0.656019 0.002604 0.002778
