3 0.564844 0.076852 0.002604 0.003704
3 0.351302 0.095833 0.001563 0.002778
3 0.613281 0.108333 0.004687 0.007407
3 0.897656 0.131481 0.002604 0.003704
3 0.600000 0.135648 0.005208 0.008333
3 0.387500 0.140741 0.003125 0.001852
3 0.655469 0.156019 0.004687 0.006481
3 0.278906 0.187037 0.004687 0.003704
3 0.364323 0.198148 0.003646 0.005556
3 0.715365 0.220833 0.004687 0.006481
3 0.489323 0.239352 0.001563 0.002778
3 0.655729 0.245370 0.004167 0.003704
3 0.459115 0.266204 0.003646 0.004630
3 0.460677 0.289352 0.008854 0.006481
3 0.563021 0.292130 0.004167 0.004630
3 0.522396 0.293981 0.002083 0.002778
3 0.678906 0.295370 0.004687 0.003704
3 0.568750 0.310648 0.002083 0.002778
3 0.454167 0.319444 0.002083 0.001852
3 0.631510 0.335185 0.009896 0.005556
3 0.718750 0.343981 0.012500 0.010185
3 0.511719 0.368056 0.018229 0.023148
3 0.530729 0.361574 0.002083 0.002778
3 0.563021 0.385185 0.007292 0.007407
3 0.530469 0.391204 0.007812 0.008333
3 0.620573 0.400463 0.014063 0.021296
3 0.671875 0.411111 0.009375 0.003704
3 0.661979 0.434259 0.004167 0.003704
3 0.595833 0.442593 0.004167 0.005556
3 0.266406 0.456944 0.001563 0.002778
3 0.548698 0.459722 0.006771 0.006481
