3 0.439323 0.033333 0.002604 0.005556
3 0.944531 0.138426 0.005729 0.006481
3 0.378646 0.143519 0.004167 0.003704
3 0.739062 0.302778 0.003125 0.003704
3 0.891406 0.334722 0.002604 0.002778
3 0.652604 0.351389 0.005208 0.006481
3 0.674479 0.357870 0.005208 0.006481
3 0.698698 0.388426 0.005729 0.004630
3 0.457292 0.396296 0.004167 0.005556
3 0.660417 0.404167 0.008333 0.013889
3 0.212500 0.407870 0.005208 0.006481
3 0.209375 0.406481 0.000000 0.000000
3 0.658333 0.430556 0.005208 0.007407
3 0.540365 0.441204 0.003646 0.006481
3 0.369792 0.448148 0.002083 0.003704
3 0.658854 0.465278 0.006250 0.008333
3 0.453125 0.471759 0.004167 0.006481
3 0.622656 0.489815 0.008854 0.012963
3 0.664323 0.529630 0.005729 0.011111
3 0.655729 0.544444 0.013542 0.031481
3 0.454427 0.533796 0.001563 0.002778
3 0.570052 0.576389 0.004687 0.015741
3 0.228906 0.578704 0.006771 0.009259
3 0.632292 0.578241 0.001042 0.004630
3 0.601562 0.651389 0.002083 0.004630
3 0.453385 0.653241 0.002604 0.004630
3 0.865365 0.668056 0.003646 0.004630
3 0.683854 0.734722 0.020833 0.032407
3 0.623437 0.746296 0.010417 0.016667
3 0.040885 0.939352 0.001563 0.004630
3 0.401302 0.961111 0.007812 0.012963
3 0.815625 0.984259 0.009375 0.011111
