3 0.546354 0.077778 0.022917 0.037037
3 0.485938 0.078704 0.023958 0.027778
3 0.414062 0.125000 0.061458 0.083333
3 0.614062 0.166204 0.009375 0.012037
3 0.414062 0.250000 0.020833 0.046296
3 0.642969 0.350463 0.004687 0.015741
3 0.209896 0.362500 0.021875 0.028704
3 0.742448 0.418519 0.019271 0.046296
3 0.590625 0.447222 0.023958 0.038889
3 0.572917 0.633796 0.023958 0.060185
3 0.435417 0.654630 0.071875 0.090741
3 0.394010 0.929630 0.026562 0.051852
3 0.626823 0.924537 0.022396 0.032407
3 0.608854 0.996296 0.012500 0.005556
3 0.599740 0.997685 0.002604 0.002778
