3 0.492188 0.357870 0.142708 0.091667
3 0.480469 0.530556 0.255729 0.237037
3 0.782552 0.724074 0.083854 0.122222
3 0.374479 0.733796 0.115625 0.082407
3 0.354167 0.703704 0.000000 0.000000
3 0.350000 0.704630 0.000000 0.000000
3 0.351042 0.704630 0.000000 0.000000
3 0.347917 0.707407 0.000000 0.000000
3 0.347396 0.708333 0.000000 0.000000
3 0.343229 0.710185 0.000000 0.000000
3 0.344792 0.712037 0.000000 0.000000
3 0.341667 0.712963 0.000000 0.000000
3 0.315625 0.722222 0.000000 0.000000
3 0.352083 0.723148 0.000000 0.000000
3 0.776823 0.771759 0.001563 0.004630
3 0.774479 0.773148 0.002083 0.001852
3 0.775521 0.775926 0.000000 0.000000
3 0.774479 0.777778 0.000000 0.000000
3 0.076563 0.906019 0.027083 0.039815
3 0.187760 0.950926 0.032813 0.035185
