3 0.270052 0.025463 0.006771 0.010185
3 0.459635 0.061111 0.002604 0.003704
3 0.854688 0.131481 0.007292 0.011111
3 0.814063 0.149074 0.015625 0.018519
3 0.561198 0.151852 0.003646 0.003704
3 0.866667 0.177778 0.008333 0.009259
3 0.775521 0.204167 0.005208 0.006481
3 0.801562 0.218981 0.007292 0.012037
3 0.516927 0.250463 0.006771 0.008333
3 0.791667 0.260185 0.003125 0.003704
3 0.441406 0.282407 0.004687 0.007407
3 0.538021 0.303704 0.002083 0.005556
3 0.730729 0.313426 0.006250 0.019444
3 0.914062 0.330556 0.033333 0.040741
3 0.796354 0.325463 0.002083 0.004630
3 0.798698 0.351389 0.011979 0.013889
3 0.810677 0.350463 0.006771 0.008333
3 0.909375 0.379630 0.013542 0.020370
3 0.792969 0.409259 0.006771 0.005556
3 0.856771 0.433333 0.023958 0.040741
3 0.839323 0.461111 0.014063 0.018519
3 0.492969 0.498611 0.005729 0.008333
3 0.863021 0.514815 0.009375 0.011111
3 0.858333 0.513889 0.000000 0.000000
3 0.622656 0.562037 0.005729 0.005556
