3 0.840625 0.000463 0.002083 0.000926
3 0.282552 0.031481 0.030729 0.038889
3 0.468490 0.027778 0.010937 0.016667
3 0.876563 0.029630 0.003125 0.005556
3 0.525000 0.062037 0.013542 0.024074
3 0.308854 0.097685 0.012500 0.015741
3 0.484375 0.106944 0.020833 0.026852
3 0.907031 0.156481 0.004687 0.007407
3 0.645312 0.189352 0.014583 0.028704
3 0.432292 0.271296 0.040625 0.062963
3 0.520833 0.262500 0.004167 0.006481
3 0.356510 0.318519 0.022396 0.022222
3 0.635417 0.316204 0.003125 0.008333
3 0.352344 0.340278 0.002604 0.004630
3 0.650260 0.389815 0.016146 0.016667
3 0.518490 0.523611 0.034896 0.043519
3 0.502083 0.531481 0.011458 0.022222
3 0.449219 0.815278 0.007812 0.010185
