3 0.486458 0.143056 0.017708 0.023148
3 0.184635 0.269907 0.003646 0.004630
3 0.283073 0.343056 0.044271 0.043519
3 0.756510 0.336111 0.006771 0.007407
3 0.847656 0.382870 0.005729 0.004630
3 0.534375 0.397222 0.003125 0.007407
3 0.456510 0.410185 0.029687 0.018519
3 0.567448 0.420833 0.005729 0.008333
3 0.541927 0.477315 0.016146 0.010185
3 0.602344 0.544444 0.013021 0.024074
3 0.367969 0.649074 0.059896 0.059259
3 0.411719 0.651389 0.036979 0.037963
3 0.295833 0.668981 0.029167 0.010185
3 0.404167 0.683333 0.011458 0.016667
3 0.267969 0.855556 0.013021 0.011111
