3 0.363542 0.033333 0.009375 0.009259
3 0.560677 0.237963 0.016146 0.027778
3 0.732812 0.278704 0.015625 0.029630
3 0.911979 0.294444 0.013542 0.022222
3 0.508854 0.356481 0.015625 0.027778
3 0.185677 0.416667 0.024479 0.031481
3 0.495052 0.448611 0.021354 0.034259
3 0.910677 0.460648 0.016146 0.026852
3 0.394010 0.476852 0.005729 0.009259
3 0.492188 0.479630 0.006250 0.005556
3 0.799219 0.533796 0.016146 0.019444
3 0.613802 0.609722 0.030729 0.034259
3 0.236979 0.824074 0.045833 0.081481
3 0.835417 0.831944 0.027083 0.047222
3 0.535156 0.869907 0.058854 0.100926
3 0.291406 0.869444 0.022396 0.031481
3 0.652865 0.975463 0.025521 0.037963
