3 0.320312 0.156481 0.006250 0.009259
3 0.820052 0.177315 0.004687 0.006481
3 0.505990 0.186111 0.002604 0.003704
3 0.879427 0.199074 0.007812 0.011111
3 0.905469 0.238426 0.007812 0.008333
3 0.860156 0.277315 0.006771 0.010185
3 0.501563 0.308796 0.004167 0.006481
3 0.610417 0.312500 0.003125 0.002778
3 0.860156 0.323148 0.016146 0.014815
3 0.553906 0.328704 0.005729 0.007407
3 0.875781 0.398148 0.003646 0.003704
3 0.584115 0.414815 0.001563 0.005556
3 0.848698 0.422222 0.006771 0.007407
3 0.840365 0.425463 0.001563 0.004630
3 0.790104 0.467130 0.006250 0.015741
3 0.858854 0.465741 0.012500 0.009259
3 0.819531 0.470833 0.006771 0.004630
3 0.967187 0.503241 0.034375 0.037963
3 0.896094 0.533333 0.014063 0.014815
3 0.961719 0.544444 0.013021 0.016667
3 0.917969 0.568056 0.022396 0.036111
3 0.536719 0.568981 0.005729 0.008333
3 0.667708 0.600926 0.005208 0.005556
3 0.924479 0.614815 0.009375 0.007407
