3 0.991667 0.129630 0.010417 0.005556
3 0.897135 0.143519 0.009896 0.011111
3 0.838281 0.216667 0.009896 0.012963
3 0.515885 0.286111 0.009896 0.009259
3 0.049740 0.302778 0.011979 0.012963
3 0.933073 0.310185 0.009896 0.016667
3 0.862500 0.326389 0.021875 0.030556
3 0.397135 0.318981 0.005729 0.006481
3 0.839583 0.428241 0.015625 0.019444
3 0.228125 0.443056 0.013542 0.019444
3 0.620052 0.464815 0.007812 0.011111
3 0.908854 0.539815 0.032292 0.057407
3 0.464583 0.528241 0.009375 0.013889
3 0.877344 0.555556 0.003646 0.007407
3 0.526042 0.558333 0.003125 0.005556
3 0.778125 0.575463 0.009375 0.025000
3 0.777344 0.570370 0.000521 0.000000
3 0.861458 0.651852 0.005208 0.009259
3 0.588021 0.687963 0.006250 0.007407
3 0.952344 0.775926 0.020313 0.022222
3 0.729427 0.969444 0.014063 0.018519
