3 0.522656 0.141204 0.068229 0.097222
3 0.977344 0.126852 0.005729 0.007407
3 0.628906 0.150463 0.038021 0.028704
3 0.491406 0.172685 0.009896 0.013889
3 0.874740 0.218981 0.007812 0.008333
3 0.564844 0.303241 0.029687 0.036111
3 0.391927 0.308333 0.009896 0.014815
3 0.155469 0.380093 0.031771 0.028704
3 0.669271 0.380556 0.014583 0.022222
3 0.111979 0.435185 0.061458 0.088889
3 0.157552 0.468056 0.034896 0.025000
3 0.079167 0.518056 0.015625 0.008333
3 0.888802 0.525000 0.007812 0.012963
3 0.589063 0.561574 0.008333 0.008333
