3 0.666667 0.001389 0.003125 0.002778
3 0.671615 0.003704 0.002604 0.007407
3 0.694531 0.024537 0.051562 0.049074
3 0.698958 0.000000 0.000000 0.000000
3 0.575000 0.019907 0.006250 0.010185
3 0.273698 0.091204 0.003646 0.008333
3 0.725260 0.113426 0.018229 0.036111
3 0.277083 0.100000 0.005208 0.007407
3 0.684375 0.104630 0.005208 0.011111
3 0.946354 0.154167 0.012500 0.017593
3 0.891927 0.186574 0.018229 0.025000
3 0.092708 0.214352 0.009375 0.013889
3 0.823698 0.226852 0.029687 0.027778
3 0.870573 0.250000 0.011979 0.012963
3 0.869792 0.293519 0.063542 0.068519
3 0.440625 0.285185 0.010417 0.014815
3 0.635677 0.291667 0.020313 0.022222
3 0.995052 0.341204 0.008854 0.010185
3 0.396094 0.369444 0.004687 0.011111
3 0.967708 0.394907 0.027083 0.023148
3 0.532813 0.403241 0.008333 0.012037
3 0.691406 0.667593 0.009896 0.007407
3 0.476302 0.681481 0.010937 0.016667
