3 0.570833 0.246759 0.103125 0.093519
3 0.564844 0.209722 0.000521 0.000926
3 0.566146 0.209259 0.000000 0.000000
3 0.568750 0.209259 0.000000 0.000000
3 0.569792 0.209259 0.000000 0.000000
3 0.567708 0.210185 0.000000 0.000000
3 0.569010 0.210648 0.000521 0.000926
3 0.570312 0.210185 0.000000 0.000000
3 0.564323 0.211111 0.000521 0.000000
3 0.566406 0.211574 0.000521 0.000926
3 0.571354 0.211111 0.001042 0.000000
3 0.575521 0.211111 0.000000 0.000000
3 0.563542 0.212037 0.000000 0.000000
3 0.575000 0.212037 0.000000 0.000000
3 0.565104 0.212963 0.000000 0.000000
3 0.432031 0.475463 0.226562 0.208333
