3 0.489323 0.031481 0.013021 0.025926
3 0.855208 0.100463 0.015625 0.026852
3 0.869271 0.223611 0.041667 0.047222
3 0.772396 0.333333 0.016667 0.018519
3 0.588281 0.364815 0.028646 0.022222
3 0.482812 0.429167 0.007292 0.010185
3 0.951042 0.427315 0.009375 0.006481
3 0.364323 0.437037 0.006771 0.011111
3 0.489583 0.460648 0.002083 0.002778
3 0.509115 0.510185 0.060937 0.074074
3 0.178646 0.484259 0.023958 0.020370
3 0.550781 0.504630 0.003646 0.005556
3 0.662760 0.514815 0.036979 0.020370
3 0.103646 0.518056 0.009375 0.004630
3 0.570312 0.517130 0.004167 0.002778
3 0.130208 0.562037 0.057292 0.077778
3 0.401823 0.537963 0.005729 0.011111
3 0.683594 0.555093 0.009896 0.010185
3 0.467187 0.575000 0.020833 0.020370
3 0.176042 0.618519 0.033333 0.022222
3 0.588802 0.628704 0.005729 0.009259
3 0.395573 0.640278 0.004687 0.004630
3 0.585156 0.693981 0.004687 0.008333
3 0.901823 0.776852 0.013021 0.009259
3 0.790104 0.866667 0.009375 0.014815
3 0.351823 0.997222 0.002604 0.003704
