3 0.656250 0.013889 0.005208 0.005556
3 0.403906 0.025926 0.005729 0.005556
3 0.892969 0.086574 0.010937 0.015741
3 0.614583 0.215741 0.015625 0.025926
3 0.744010 0.270370 0.015104 0.025926
3 0.538281 0.346296 0.014063 0.020370
3 0.970313 0.383796 0.013542 0.023148
3 0.221094 0.450463 0.024479 0.026852
3 0.522917 0.456944 0.020833 0.036111
3 0.933073 0.501389 0.015104 0.021296
3 0.815365 0.522222 0.015104 0.016667
3 0.526042 0.526852 0.006250 0.005556
3 0.642708 0.587500 0.032292 0.039815
3 0.427083 0.619907 0.006250 0.006481
3 0.864844 0.801389 0.027604 0.043519
3 0.569792 0.852778 0.064583 0.096296
3 0.264323 0.851389 0.046354 0.082407
3 0.316406 0.901852 0.022396 0.031481
3 0.059375 0.904167 0.008333 0.010185
3 0.685156 0.973148 0.025521 0.035185
