3 0.729688 0.053241 0.003125 0.004630
3 0.643229 0.194907 0.001042 0.002778
3 0.590885 0.215741 0.000521 0.001852
3 0.783854 0.227778 0.003125 0.005556
3 0.966406 0.238889 0.005729 0.007407
3 0.385937 0.262963 0.001042 0.001852
3 0.403125 0.294444 0.002083 0.001852
3 0.648438 0.318519 0.002083 0.001852
3 0.658594 0.324537 0.002604 0.004630
3 0.420312 0.356019 0.003125 0.004630
3 0.371094 0.360185 0.003646 0.003704
3 0.683333 0.364815 0.003125 0.005556
3 0.626042 0.376389 0.003125 0.004630
3 0.894010 0.378704 0.001563 0.001852
3 0.508333 0.389352 0.001042 0.000926
3 0.616146 0.400000 0.003125 0.001852
3 0.472135 0.406481 0.002604 0.003704
3 0.695833 0.416204 0.003125 0.004630
3 0.576302 0.443981 0.003646 0.002778
3 0.633854 0.445833 0.006250 0.002778
3 0.535677 0.456019 0.006771 0.004630
3 0.704688 0.459722 0.009375 0.006481
3 0.496615 0.459722 0.001563 0.000926
3 0.578125 0.462963 0.005208 0.005556
3 0.648438 0.478241 0.013542 0.019444
3 0.612760 0.470370 0.001563 0.001852
3 0.698177 0.472222 0.003646 0.001852
3 0.561198 0.476852 0.001563 0.001852
3 0.550521 0.493981 0.001042 0.002778
3 0.588802 0.508333 0.014063 0.016667
3 0.596354 0.501852 0.000000 0.000000
3 0.671875 0.511111 0.000000 0.000000
3 0.675521 0.513426 0.006250 0.002778
3 0.598698 0.518981 0.005729 0.006481
3 0.320312 0.537963 0.001042 0.001852
3 0.595313 0.556944 0.003125 0.004630
3 0.653125 0.559722 0.003125 0.002778
3 0.588542 0.573148 0.005208 0.007407
