3 0.220312 0.012037 0.004167 0.003704
3 0.702083 0.044907 0.005208 0.004630
3 0.385417 0.078241 0.015625 0.025000
3 0.030469 0.126852 0.015104 0.020370
3 0.221615 0.134722 0.005729 0.006481
3 0.063802 0.320833 0.035937 0.025000
3 0.123698 0.355093 0.015104 0.013889
3 0.245833 0.380556 0.036458 0.016667
3 0.318490 0.481944 0.049479 0.063889
3 0.411719 0.481019 0.007812 0.010185
3 0.242448 0.536574 0.023438 0.012037
3 0.767708 0.561111 0.030208 0.025926
3 0.631510 0.594907 0.044271 0.058333
3 0.390365 0.609259 0.032813 0.029630
3 0.818750 0.613889 0.013542 0.014815
3 0.586719 0.621759 0.025521 0.023148
