3 0.210938 0.049074 0.013542 0.011111
3 0.298177 0.091204 0.009896 0.008333
3 0.679688 0.101852 0.012500 0.016667
3 0.020573 0.256944 0.005729 0.004630
3 0.579427 0.280556 0.011979 0.009259
3 0.229948 0.283333 0.004687 0.007407
3 0.173177 0.350000 0.005729 0.009259
3 0.302083 0.380093 0.006250 0.006481
3 0.377604 0.388889 0.008333 0.011111
3 0.518750 0.443981 0.009375 0.012037
3 0.466667 0.446296 0.030208 0.012963
3 0.689323 0.465278 0.033854 0.026852
3 0.291667 0.525926 0.020833 0.024074
3 0.447917 0.706481 0.050000 0.075926
3 0.579948 0.721296 0.026562 0.016667
3 0.120313 0.761111 0.058333 0.079630
3 0.185156 0.800463 0.027604 0.036111
