3 0.398958 0.051852 0.002083 0.001852
3 0.280469 0.115278 0.005729 0.010185
3 0.344271 0.128704 0.005208 0.009259
3 0.110937 0.158333 0.008333 0.014815
3 0.388542 0.171296 0.011458 0.016667
3 0.378125 0.191667 0.005208 0.007407
3 0.218490 0.199537 0.005729 0.008333
3 0.529948 0.206019 0.011979 0.013889
3 0.427865 0.215278 0.002604 0.002778
3 0.327083 0.232870 0.012500 0.013889
3 0.374740 0.237963 0.002604 0.001852
3 0.239323 0.244444 0.006771 0.007407
3 0.233854 0.316204 0.012500 0.017593
3 0.354427 0.353241 0.023438 0.034259
3 0.495052 0.381944 0.020313 0.036111
3 0.496615 0.375926 0.002604 0.001852
3 0.474219 0.403241 0.009896 0.013889
3 0.305469 0.404630 0.010937 0.012963
3 0.205208 0.420370 0.004167 0.005556
3 0.250000 0.503704 0.002083 0.001852
3 0.565625 0.564352 0.007292 0.010185
3 0.212500 0.777778 0.004167 0.003704
