3 0.279167 0.055093 0.012500 0.017593
3 0.260677 0.063426 0.009896 0.013889
3 0.866667 0.102315 0.006250 0.008333
3 0.809375 0.172222 0.004167 0.011111
3 0.919792 0.206019 0.013542 0.015741
3 0.919792 0.198148 0.000000 0.000000
3 0.313802 0.210185 0.003646 0.011111
3 0.973177 0.262037 0.052604 0.077778
3 0.994792 0.229167 0.009375 0.004630
3 0.699219 0.257407 0.017188 0.033333
3 0.877604 0.254630 0.025000 0.024074
3 0.826302 0.305556 0.014063 0.011111
3 0.985938 0.356019 0.020833 0.037963
3 0.997396 0.405556 0.004167 0.012963
3 0.977604 0.448148 0.043750 0.072222
3 0.263021 0.569444 0.012500 0.018519
3 0.269792 0.562037 0.000000 0.000000
3 0.257292 0.567593 0.000000 0.000000
3 0.553646 0.617130 0.011458 0.010185
