3 0.071094 0.096296 0.011979 0.024074
3 0.220573 0.253241 0.015104 0.019444
3 0.454688 0.288426 0.016667 0.021296
3 0.283854 0.313426 0.007292 0.013889
3 0.324219 0.397222 0.034896 0.042593
3 0.430729 0.426852 0.004167 0.007407
3 0.308333 0.443056 0.011458 0.023148
3 0.736198 0.485185 0.004687 0.007407
3 0.293229 0.490741 0.005208 0.011111
3 0.999479 0.488889 0.000000 0.003704
3 0.432812 0.537500 0.017708 0.028704
3 0.185938 0.579167 0.044792 0.056481
3 0.229427 0.565741 0.027604 0.029630
3 0.112760 0.724074 0.025521 0.027778
3 0.665625 0.882407 0.004167 0.012963
3 0.632552 0.939352 0.020313 0.036111
