3 0.387760 0.178704 0.001563 0.001852
3 0.068750 0.243981 0.005208 0.006481
3 0.470052 0.272685 0.013021 0.010185
3 0.746094 0.272685 0.004687 0.006481
3 0.369271 0.287037 0.003125 0.005556
3 0.838802 0.332870 0.009896 0.010185
3 0.353906 0.332870 0.004687 0.006481
3 0.634635 0.333796 0.002604 0.002778
3 0.617448 0.337500 0.001563 0.002778
3 0.389583 0.339352 0.001042 0.000926
3 0.392708 0.346296 0.003125 0.005556
3 0.168490 0.385648 0.001563 0.000926
3 0.300260 0.424074 0.005729 0.005556
3 0.541146 0.430556 0.006250 0.007407
3 0.484115 0.431944 0.005729 0.004630
3 0.556771 0.447222 0.001042 0.001852
3 0.424479 0.450926 0.001042 0.001852
3 0.422917 0.459722 0.002083 0.002778
3 0.386198 0.466204 0.009896 0.004630
3 0.050781 0.475000 0.004687 0.003704
3 0.354167 0.478704 0.005208 0.003704
3 0.437240 0.486574 0.011979 0.013889
3 0.450521 0.487963 0.005208 0.007407
3 0.303385 0.493519 0.011979 0.009259
3 0.428906 0.502315 0.004687 0.006481
3 0.381771 0.514815 0.015625 0.016667
3 0.536198 0.508333 0.001563 0.003704
3 0.404167 0.526852 0.003125 0.003704
3 0.347656 0.539352 0.007812 0.004630
3 0.934896 0.570370 0.002083 0.003704
3 0.386719 0.649537 0.005729 0.004630
3 0.520052 0.687037 0.006771 0.011111
