3 0.540365 0.089815 0.015104 0.018519
3 0.966927 0.100463 0.010937 0.015741
3 0.502344 0.109259 0.017188 0.020370
3 0.216146 0.106019 0.003125 0.004630
3 0.623437 0.180556 0.037500 0.050000
3 0.266927 0.173611 0.007812 0.013889
3 0.966667 0.172685 0.010417 0.012037
3 0.634896 0.172685 0.004167 0.006481
3 0.800000 0.181944 0.019792 0.012037
3 0.988802 0.208333 0.021354 0.022222
3 0.730208 0.207407 0.005208 0.007407
3 0.655208 0.228704 0.016667 0.020370
3 0.810417 0.248611 0.037500 0.041667
3 0.272135 0.237500 0.006771 0.006481
3 0.506250 0.243981 0.004167 0.006481
3 0.654427 0.263426 0.016146 0.015741
3 0.903125 0.308796 0.020833 0.010185
3 0.453646 0.321296 0.004167 0.005556
3 0.683073 0.329630 0.008854 0.011111
3 0.834375 0.360185 0.007292 0.009259
3 0.418229 0.382407 0.007292 0.011111
3 0.596875 0.434722 0.004167 0.008333
3 0.890365 0.580093 0.008854 0.004630
3 0.751302 0.629630 0.008854 0.014815
3 0.014583 0.738889 0.004167 0.005556
