3 0.634375 0.098611 0.014583 0.023148
3 0.332813 0.119444 0.013542 0.024074
3 0.702344 0.206019 0.003646 0.004630
3 0.611979 0.253241 0.036458 0.034259
3 0.582292 0.250000 0.016667 0.018519
3 0.860938 0.252315 0.008333 0.004630
3 0.459375 0.369907 0.028125 0.019444
3 0.749479 0.379167 0.012500 0.012037
3 0.628125 0.390278 0.005208 0.006481
3 0.489583 0.439815 0.009375 0.014815
3 0.367708 0.512037 0.050000 0.075926
3 0.349219 0.493519 0.006771 0.009259
3 0.777083 0.498148 0.008333 0.012963
3 0.404687 0.550463 0.020833 0.025000
3 0.080990 0.551389 0.010937 0.006481
3 0.280990 0.553704 0.006771 0.009259
3 0.442448 0.558333 0.027604 0.016667
3 0.114062 0.586111 0.021875 0.014815
3 0.426563 0.652315 0.005208 0.004630
3 0.633073 0.661111 0.005729 0.009259
3 0.072656 0.692130 0.045312 0.060185
3 0.874479 0.693519 0.014583 0.012963
3 0.104167 0.721759 0.026042 0.019444
3 0.881771 0.792130 0.012500 0.021296
