3 0.347917 0.069907 0.001042 0.000926
3 0.554167 0.071296 0.001042 0.001852
3 0.374219 0.075000 0.002604 0.001852
3 0.771354 0.100000 0.004167 0.005556
3 0.577865 0.196296 0.001563 0.001852
3 0.596875 0.221296 0.003125 0.001852
3 0.376302 0.244444 0.002604 0.003704
3 0.442969 0.247222 0.002604 0.003704
3 0.468229 0.278704 0.001042 0.001852
3 0.928385 0.305093 0.005729 0.006481
3 0.601042 0.317593 0.003125 0.003704
3 0.627344 0.339352 0.003646 0.004630
3 0.537760 0.338889 0.003646 0.001852
3 0.308594 0.348611 0.003646 0.004630
3 0.566927 0.362037 0.003646 0.005556
3 0.650000 0.367130 0.004167 0.004630
3 0.450260 0.393981 0.001563 0.000926
3 0.297917 0.395833 0.001042 0.000926
3 0.509896 0.399074 0.001042 0.001852
3 0.581510 0.406481 0.006771 0.005556
3 0.656250 0.414352 0.009375 0.010185
3 0.526042 0.417130 0.006250 0.008333
3 0.562760 0.435185 0.002604 0.003704
3 0.646615 0.439352 0.003646 0.002778
3 0.590365 0.454167 0.013021 0.023148
3 0.554948 0.452778 0.001563 0.001852
3 0.553385 0.456944 0.001563 0.000926
3 0.614583 0.461574 0.003125 0.004630
3 0.828906 0.460648 0.001563 0.002778
3 0.504948 0.466667 0.001563 0.001852
3 0.470573 0.469444 0.006771 0.005556
3 0.619271 0.488426 0.007292 0.006481
3 0.520312 0.534259 0.014583 0.020370
3 0.530990 0.539815 0.005729 0.009259
3 0.503906 0.683796 0.004687 0.006481
