3 0.881510 0.028241 0.010937 0.012037
3 0.830990 0.054630 0.004687 0.005556
3 0.441927 0.131019 0.024479 0.023148
3 0.923698 0.173148 0.014063 0.018519
3 0.770573 0.181481 0.007812 0.011111
3 0.458854 0.183796 0.004167 0.008333
3 0.477344 0.190278 0.005729 0.008333
3 0.804427 0.250463 0.003646 0.006481
3 0.326042 0.259722 0.020833 0.021296
3 0.324219 0.330556 0.034896 0.061111
3 0.646615 0.315741 0.004687 0.003704
3 0.371354 0.325463 0.016667 0.013889
3 0.367969 0.329167 0.001563 0.000926
3 0.499479 0.336574 0.006250 0.004630
3 0.505469 0.349074 0.015104 0.024074
3 0.258854 0.430556 0.040625 0.046296
3 0.267708 0.450926 0.017708 0.018519
3 0.100000 0.601389 0.018750 0.013889
3 0.888542 0.656481 0.003125 0.003704
