3 0.144531 0.083796 0.007812 0.010185
3 0.881250 0.163889 0.008333 0.011111
3 0.915625 0.164815 0.009375 0.005556
3 0.373958 0.171759 0.003125 0.004630
3 0.529948 0.192130 0.007812 0.006481
3 0.150521 0.195833 0.010417 0.012037
3 0.855990 0.213889 0.008854 0.011111
3 0.840104 0.303241 0.010417 0.013889
3 0.878906 0.323611 0.015104 0.023148
3 0.871354 0.342593 0.008333 0.011111
3 0.790104 0.393519 0.014583 0.018519
3 0.675521 0.391204 0.007292 0.010185
3 0.519010 0.393519 0.006771 0.011111
3 0.503125 0.409722 0.002083 0.004630
3 0.685417 0.487500 0.009375 0.023148
3 0.847917 0.509722 0.030208 0.054630
3 0.469531 0.502778 0.003646 0.005556
3 0.787760 0.510648 0.002604 0.006481
3 0.870833 0.525463 0.012500 0.015741
3 0.725781 0.578704 0.002604 0.007407
3 0.335677 0.653704 0.010937 0.014815
3 0.736198 0.682870 0.017188 0.019444
3 0.855469 0.769907 0.035937 0.041667
