3 0.067448 0.028704 0.014063 0.020370
3 0.320573 0.073148 0.022396 0.014815
3 0.299219 0.147685 0.015104 0.019444
3 0.412760 0.272222 0.004687 0.003704
3 0.231771 0.406481 0.035417 0.018519
3 0.842448 0.404167 0.007812 0.006481
3 0.458333 0.483796 0.026042 0.030556
3 0.536198 0.510648 0.009896 0.015741
3 0.670312 0.508796 0.023958 0.012037
3 0.359896 0.511574 0.007292 0.008333
3 0.529687 0.525000 0.006250 0.009259
3 0.233073 0.597685 0.056771 0.080556
3 0.503385 0.713426 0.045312 0.052778
3 0.108594 0.707870 0.027604 0.013889
3 0.465104 0.749537 0.020833 0.021296
3 0.166146 0.869444 0.022917 0.035185
3 0.600521 0.871759 0.012500 0.015741
