3 0.644010 0.351389 0.153646 0.076852
3 0.083333 0.859259 0.037500 0.044444
3 0.127865 0.959722 0.091146 0.078704
3 0.104688 0.930556 0.000000 0.000000
3 0.105729 0.930556 0.000000 0.000000
3 0.093229 0.941667 0.000000 0.000000
3 0.094271 0.944444 0.000000 0.000000
3 0.081771 0.959259 0.000000 0.001852
3 0.081510 0.962963 0.000521 0.000000
3 0.081771 0.969444 0.000000 0.000000
3 0.103125 0.974074 0.000000 0.000000
3 0.152344 0.987500 0.021354 0.023148
3 0.097135 0.991204 0.015104 0.015741
3 0.084375 0.986111 0.000000 0.000000
3 0.080729 0.992593 0.014583 0.012963
3 0.099479 0.987037 0.000000 0.000000
3 0.080729 0.988889 0.000000 0.000000
3 0.104688 0.993519 0.000000 0.000000
3 0.103906 0.994907 0.000521 0.000926
3 0.072656 0.999074 0.000521 0.000000
