3 0.809896 0.072685 0.012500 0.008333
3 0.809375 0.232407 0.018750 0.024074
3 0.158073 0.231481 0.003646 0.003704
3 0.446615 0.293056 0.005729 0.004630
3 0.672135 0.323148 0.005729 0.007407
3 0.875781 0.447222 0.010937 0.012963
3 0.871875 0.463889 0.035417 0.027778
3 0.658594 0.472222 0.024479 0.031481
3 0.562240 0.558796 0.006771 0.008333
3 0.734375 0.592130 0.007292 0.006481
3 0.738542 0.588889 0.000000 0.000000
3 0.361198 0.614352 0.029687 0.023148
3 0.866146 0.731944 0.060417 0.100926
3 0.483333 0.763889 0.014583 0.011111
3 0.997135 0.858333 0.004687 0.011111
3 0.998177 0.877778 0.002604 0.001852
3 0.501823 0.967593 0.059896 0.062963
