3 0.367188 0.029630 0.002083 0.003704
3 0.526563 0.048148 0.003125 0.005556
3 0.532031 0.202315 0.003646 0.006481
3 0.742188 0.227315 0.003125 0.004630
3 0.501563 0.248148 0.009375 0.014815
3 0.617448 0.246296 0.001563 0.001852
3 0.517708 0.258333 0.003125 0.005556
3 0.530208 0.270833 0.004167 0.006481
3 0.465104 0.278704 0.001042 0.001852
3 0.491667 0.290741 0.003125 0.003704
3 0.494271 0.316667 0.003125 0.005556
3 0.634115 0.324074 0.003646 0.005556
3 0.471875 0.336111 0.006250 0.011111
3 0.501563 0.346759 0.006250 0.010185
3 0.367448 0.355093 0.001563 0.002778
3 0.467969 0.387037 0.013021 0.018519
3 0.637500 0.381944 0.003125 0.004630
3 0.504687 0.403241 0.001042 0.002778
3 0.677865 0.404630 0.003646 0.005556
3 0.520312 0.435648 0.004167 0.008333
3 0.507031 0.436111 0.001563 0.001852
3 0.628125 0.437963 0.001042 0.001852
3 0.617188 0.449074 0.001042 0.001852
3 0.697917 0.475000 0.003125 0.003704
3 0.439844 0.483333 0.013021 0.018519
3 0.749479 0.488426 0.002083 0.002778
3 0.391667 0.491204 0.005208 0.006481
3 0.474219 0.497685 0.005729 0.008333
3 0.696875 0.506481 0.001042 0.001852
3 0.567448 0.509259 0.001563 0.001852
3 0.617708 0.538889 0.003125 0.003704
3 0.518490 0.601389 0.002604 0.002778
3 0.689583 0.750926 0.001042 0.001852
