3 0.440104 0.000463 0.001042 0.000926
3 0.446354 0.009722 0.017708 0.019444
3 0.630729 0.021759 0.013542 0.023148
3 0.053125 0.013426 0.006250 0.004630
3 0.884115 0.061574 0.003646 0.006481
3 0.510417 0.125926 0.005208 0.003704
3 0.620313 0.147222 0.013542 0.029630
3 0.544010 0.215278 0.003646 0.008333
3 0.361719 0.244907 0.036979 0.052778
3 0.579688 0.247685 0.020833 0.030556
3 0.766146 0.250000 0.000000 0.000000
3 0.374740 0.304167 0.016146 0.026852
3 0.645573 0.313889 0.015104 0.020370
3 0.145313 0.347222 0.013542 0.012963
3 0.488021 0.388889 0.033333 0.064815
3 0.804688 0.368519 0.000000 0.000000
3 0.633854 0.416667 0.014583 0.012963
3 0.589323 0.520370 0.032813 0.042593
3 0.503646 0.555556 0.018750 0.029630
3 0.950260 0.581944 0.013021 0.017593
