3 0.949479 0.002315 0.002083 0.004630
3 0.954948 0.000463 0.001563 0.000926
3 0.965885 0.000463 0.003646 0.000926
3 0.969531 0.000000 0.000521 0.000000
3 0.864062 0.073611 0.015625 0.023148
3 0.866667 0.069444 0.000000 0.000000
3 0.776823 0.160648 0.011979 0.015741
3 0.551562 0.187963 0.011458 0.016667
3 0.209115 0.200463 0.043229 0.026852
3 0.888281 0.269907 0.100521 0.126852
3 0.724479 0.245370 0.038542 0.038889
3 0.530990 0.333333 0.009896 0.009259
3 0.298698 0.457870 0.088021 0.108333
3 0.905990 0.415741 0.010937 0.016667
3 0.384896 0.529167 0.042708 0.036111
