3 0.510156 0.143056 0.004687 0.004630
3 0.154948 0.182407 0.009896 0.011111
3 0.071615 0.193981 0.008854 0.013889
3 0.210156 0.218981 0.009896 0.017593
3 0.066667 0.349537 0.021875 0.025000
3 0.029948 0.419907 0.009896 0.013889
3 0.146094 0.479630 0.022396 0.024074
3 0.171875 0.489815 0.015625 0.018519
3 0.223438 0.532870 0.036458 0.043519
3 0.266667 0.546296 0.005208 0.007407
3 0.197135 0.553704 0.004687 0.007407
3 0.434375 0.599537 0.009375 0.012037
3 0.400000 0.623611 0.029167 0.041667
3 0.371094 0.635185 0.014063 0.011111
3 0.396094 0.686111 0.018229 0.022222
3 0.181510 0.690741 0.016146 0.014815
