3 0.892448 0.006944 0.016146 0.013889
3 0.517708 0.138889 0.023958 0.033333
3 0.911458 0.277315 0.067708 0.091667
3 0.856771 0.368981 0.029167 0.036111
3 0.262240 0.408796 0.026562 0.041667
3 0.968490 0.398148 0.009896 0.016667
3 0.973958 0.403704 0.000000 0.000000
3 0.625521 0.537963 0.104167 0.094444
3 0.796875 0.509722 0.009375 0.017593
3 0.308333 0.568519 0.023958 0.035185
3 0.244010 0.600000 0.055729 0.062963
3 0.312500 0.584259 0.000000 0.000000
3 0.044792 0.601852 0.000000 0.000000
3 0.045312 0.602778 0.000000 0.000000
3 0.437760 0.671759 0.040104 0.036111
3 0.982031 0.685185 0.034896 0.031481
