3 0.329427 0.083796 0.002604 0.002778
3 0.485677 0.196759 0.008854 0.013889
3 0.473177 0.214352 0.008854 0.010185
3 0.578385 0.256944 0.010937 0.013889
3 0.971094 0.307407 0.003646 0.005556
3 0.478646 0.320833 0.010417 0.013889
3 0.785417 0.328704 0.003125 0.003704
3 0.485156 0.363889 0.022396 0.029630
3 0.566406 0.352315 0.002604 0.004630
3 0.240365 0.369444 0.022396 0.031481
3 0.478125 0.408333 0.006250 0.016667
3 0.542188 0.410185 0.002083 0.005556
3 0.403906 0.448148 0.006771 0.009259
3 0.000000 0.475926 0.000000 0.000000
3 0.579167 0.489815 0.009375 0.016667
3 0.486458 0.506944 0.016667 0.019444
3 0.447396 0.526852 0.028125 0.035185
3 0.884896 0.516667 0.009375 0.014815
3 0.817708 0.534722 0.002083 0.006481
3 0.435156 0.547222 0.009896 0.012963
3 0.480208 0.570833 0.008333 0.012037
3 0.407813 0.612037 0.013542 0.016667
3 0.390885 0.644444 0.019271 0.024074
3 0.859896 0.846296 0.009375 0.012963
3 0.673438 0.881944 0.009375 0.013889
