3 0.428906 0.126852 0.007812 0.007407
3 0.462500 0.150463 0.008333 0.012037
3 0.695052 0.158796 0.004687 0.006481
3 0.853906 0.174074 0.005729 0.007407
3 0.395573 0.181944 0.007812 0.012037
3 0.722656 0.199537 0.002604 0.002778
3 0.510417 0.247685 0.004167 0.004630
3 0.185417 0.252778 0.003125 0.001852
3 0.749740 0.265741 0.006771 0.005556
3 0.500781 0.281944 0.009896 0.012037
3 0.592969 0.358333 0.002604 0.001852
3 0.678385 0.387037 0.002604 0.003704
3 0.420833 0.390278 0.009375 0.004630
3 0.504687 0.392593 0.009375 0.005556
3 0.430208 0.397222 0.003125 0.003704
3 0.458854 0.406481 0.002083 0.003704
3 0.755990 0.405556 0.001563 0.001852
3 0.450781 0.435185 0.009896 0.007407
3 0.495833 0.461111 0.007292 0.012963
3 0.426563 0.488426 0.020833 0.019444
3 0.355208 0.509259 0.022917 0.025926
3 0.352604 0.498148 0.001042 0.000000
3 0.806510 0.508333 0.007812 0.009259
3 0.358854 0.536111 0.009375 0.011111
3 0.391406 0.550926 0.026562 0.035185
3 0.725260 0.561574 0.008854 0.008333
3 0.386979 0.600463 0.010417 0.010185
3 0.272917 0.638426 0.009375 0.008333
