3 0.752344 0.012037 0.019271 0.024074
3 0.997656 0.106019 0.003646 0.002778
3 0.226042 0.119907 0.006250 0.008333
3 0.724479 0.176852 0.030208 0.040741
3 0.404687 0.168981 0.015625 0.021296
3 0.405729 0.159259 0.000000 0.000000
3 0.994792 0.207407 0.009375 0.020370
3 0.708854 0.233796 0.014583 0.023148
3 0.029167 0.240278 0.006250 0.010185
3 0.460938 0.295833 0.026042 0.043519
3 0.807813 0.428241 0.071875 0.110185
3 0.660156 0.421296 0.006771 0.011111
3 0.919792 0.511111 0.033333 0.035185
3 0.438542 0.527778 0.006250 0.014815
3 0.360938 0.673611 0.034375 0.037963
3 0.643750 0.931944 0.084375 0.091667
