3 0.226302 0.119907 0.014063 0.012037
3 0.344792 0.159722 0.004167 0.004630
3 0.039583 0.236111 0.012500 0.016667
3 0.465885 0.237500 0.007812 0.008333
3 0.008594 0.334722 0.011979 0.019444
3 0.261719 0.359722 0.013021 0.021296
3 0.693229 0.360185 0.006250 0.005556
3 0.041927 0.489352 0.013021 0.013889
3 0.060156 0.524074 0.030729 0.025926
3 0.119792 0.623611 0.028125 0.017593
3 0.221615 0.763426 0.040104 0.062037
3 0.191406 0.742593 0.005729 0.009259
3 0.176563 0.766204 0.021875 0.015741
3 0.253125 0.771759 0.007292 0.012037
3 0.121094 0.834259 0.021354 0.029630
3 0.433854 0.889815 0.026042 0.024074
3 0.471875 0.941667 0.041667 0.061111
3 0.438802 0.963889 0.023438 0.016667
