3 0.720573 0.134259 0.050521 0.064815
3 0.651563 0.137500 0.029167 0.034259
3 0.328646 0.360185 0.054167 0.035185
3 0.267708 0.453704 0.000000 0.000000
3 0.216146 0.514352 0.102083 0.119444
3 0.102344 0.531481 0.013021 0.018519
3 0.396094 0.574537 0.049479 0.030556
3 0.271094 0.640741 0.006771 0.009259
3 0.648438 0.665741 0.022917 0.027778
3 0.129427 0.730093 0.040104 0.036111
3 0.339323 0.728704 0.009896 0.012963
3 0.520573 0.806944 0.015104 0.008333
3 0.000781 0.831481 0.001563 0.001852
3 0.000781 0.839815 0.001563 0.009259
