3 0.446875 0.193056 0.130208 0.156481
3 0.861458 0.429630 0.091667 0.109259
3 0.529948 0.559722 0.055729 0.071296
3 0.508333 0.528704 0.000000 0.000000
3 0.505729 0.529630 0.000000 0.000000
3 0.529167 0.548148 0.000000 0.000000
3 0.501563 0.551852 0.000000 0.000000
3 0.500521 0.552778 0.000000 0.000000
3 0.502083 0.552778 0.000000 0.000000
3 0.503125 0.554630 0.000000 0.000000
3 0.504687 0.555556 0.000000 0.000000
3 0.558333 0.566204 0.000000 0.000926
3 0.557292 0.568519 0.000000 0.000000
3 0.557031 0.572222 0.000521 0.000000
3 0.531250 0.586111 0.000000 0.000000
3 0.530208 0.587963 0.000000 0.000000
3 0.528646 0.589815 0.000000 0.000000
3 0.527083 0.591667 0.000000 0.000000
3 0.528125 0.591667 0.000000 0.000000
