3 0.254167 0.011111 0.017708 0.022222
3 0.249479 0.000000 0.001042 0.000000
3 0.285156 0.079630 0.011979 0.016667
3 0.694531 0.093056 0.005729 0.006481
3 0.020573 0.229630 0.016146 0.024074
3 0.088802 0.224537 0.014063 0.012037
3 0.224479 0.319907 0.020833 0.023148
3 0.402604 0.350463 0.021875 0.028704
3 0.334375 0.343519 0.006250 0.005556
3 0.003906 0.349537 0.007812 0.006481
3 0.001042 0.361111 0.002083 0.012963
3 0.400260 0.394444 0.005729 0.007407
3 0.596875 0.405556 0.019792 0.016667
3 0.384896 0.400463 0.004167 0.004630
3 0.239583 0.565741 0.046875 0.066667
3 0.123958 0.608796 0.022917 0.017593
3 0.466927 0.660185 0.039062 0.053704
3 0.431250 0.690741 0.017708 0.024074
3 0.396354 0.909259 0.012500 0.016667
