3 0.218750 0.106481 0.005208 0.007407
3 0.121875 0.181944 0.006250 0.008333
3 0.630469 0.181019 0.002604 0.004630
3 0.322917 0.212500 0.002083 0.002778
3 0.426563 0.257870 0.006250 0.004630
3 0.651563 0.299074 0.006250 0.009259
3 0.617969 0.319907 0.005729 0.006481
3 0.689844 0.341204 0.006771 0.008333
3 0.615625 0.375926 0.007292 0.011111
3 0.464062 0.389815 0.005208 0.007407
3 0.407292 0.401389 0.002083 0.002778
3 0.571875 0.437500 0.005208 0.008333
3 0.660417 0.437500 0.006250 0.008333
3 0.332813 0.474074 0.002083 0.003704
3 0.097656 0.505556 0.007812 0.011111
3 0.719531 0.518519 0.016146 0.018519
3 0.617969 0.547685 0.011979 0.013889
3 0.552865 0.554630 0.002604 0.003704
3 0.520052 0.590741 0.010937 0.020370
3 0.439583 0.668981 0.012500 0.015741
3 0.684896 0.674074 0.012500 0.012963
3 0.634896 0.688889 0.023958 0.040741
3 0.686979 0.682407 0.003125 0.005556
3 0.541927 0.809722 0.026562 0.036111
3 0.559375 0.810648 0.009375 0.019444
3 0.626823 0.987963 0.006771 0.012963
