3 0.997135 0.013889 0.004687 0.003704
3 0.879687 0.014352 0.002083 0.002778
3 0.420312 0.097685 0.008333 0.006481
3 0.143229 0.127778 0.006250 0.005556
3 0.505729 0.139815 0.008333 0.011111
3 0.568490 0.242593 0.008854 0.012963
3 0.449479 0.244444 0.007292 0.012963
3 0.698438 0.246759 0.006250 0.008333
3 0.733854 0.252315 0.003125 0.002778
3 0.876563 0.256481 0.006250 0.007407
3 0.756510 0.287963 0.007812 0.005556
3 0.148177 0.288426 0.003646 0.002778
3 0.541406 0.361574 0.028646 0.021296
3 0.461458 0.365278 0.005208 0.004630
3 0.521875 0.381019 0.014583 0.010185
3 0.535677 0.445370 0.008854 0.014815
3 0.605469 0.443981 0.002604 0.002778
3 0.474219 0.446759 0.002604 0.004630
3 0.704688 0.458796 0.003125 0.004630
3 0.459635 0.481944 0.030729 0.047222
3 0.397396 0.474537 0.011458 0.006481
3 0.476823 0.533796 0.014063 0.008333
3 0.764062 0.550463 0.008333 0.008333
3 0.832552 0.552778 0.007812 0.011111
3 0.344531 0.575463 0.026562 0.028704
3 0.354427 0.592130 0.013021 0.012037
3 0.773958 0.593981 0.002083 0.002778
3 0.130990 0.711111 0.010937 0.009259
