3 0.920833 0.016204 0.000000 0.000926
3 0.814323 0.094907 0.022396 0.026852
3 0.811458 0.084259 0.000000 0.000000
3 0.213281 0.102315 0.017188 0.012037
3 0.912240 0.166204 0.017188 0.023148
3 0.905208 0.161111 0.000000 0.000000
3 0.932552 0.363889 0.018229 0.014815
3 0.719010 0.430556 0.028646 0.025926
3 0.971615 0.448148 0.039062 0.040741
3 0.124219 0.445833 0.005729 0.012037
3 0.453385 0.541667 0.025521 0.038889
3 0.525521 0.556019 0.006250 0.015741
3 0.650521 0.568056 0.007292 0.010185
3 0.265365 0.588426 0.015104 0.021296
3 0.400000 0.642130 0.037500 0.023148
3 0.569010 0.670370 0.015104 0.018519
3 0.819792 0.718981 0.075000 0.108333
3 0.917969 0.804167 0.032813 0.025000
3 0.708854 0.978241 0.077083 0.041667
