3 0.132552 0.012963 0.008854 0.009259
3 0.662760 0.044444 0.006771 0.009259
3 0.183073 0.075463 0.003646 0.006481
3 0.491927 0.162963 0.002604 0.001852
3 0.446354 0.195370 0.001042 0.001852
3 0.716406 0.269444 0.004687 0.005556
3 0.383594 0.284259 0.004687 0.003704
3 0.420573 0.295370 0.003646 0.003704
3 0.379167 0.316667 0.003125 0.005556
3 0.292969 0.322222 0.002604 0.003704
3 0.439323 0.332870 0.003646 0.004630
3 0.341927 0.348611 0.003646 0.004630
3 0.541667 0.358333 0.002083 0.001852
3 0.501302 0.379167 0.001563 0.000926
3 0.442708 0.383333 0.002083 0.003704
3 0.410938 0.387037 0.008333 0.005556
3 0.460938 0.396759 0.006250 0.008333
3 0.342187 0.405093 0.007292 0.008333
3 0.334375 0.407870 0.001042 0.000926
3 0.536719 0.420370 0.006771 0.003704
3 0.357552 0.420833 0.003646 0.002778
3 0.449219 0.420370 0.001563 0.001852
3 0.497917 0.425926 0.001042 0.001852
3 0.417969 0.437500 0.014063 0.021296
3 0.332292 0.471296 0.005208 0.007407
3 0.390104 0.470370 0.005208 0.003704
3 0.393750 0.471296 0.000000 0.000000
3 0.500260 0.480556 0.011979 0.014815
3 0.305208 0.485648 0.005208 0.004630
3 0.489323 0.488889 0.005729 0.005556
3 0.298698 0.504630 0.002604 0.001852
3 0.547135 0.542130 0.003646 0.002778
