3 0.221354 0.090741 0.004167 0.003704
3 0.537240 0.200463 0.014063 0.019444
3 0.378646 0.259259 0.012500 0.020370
3 0.314323 0.259259 0.008854 0.012963
3 0.800781 0.256019 0.003646 0.004630
3 0.466667 0.312963 0.011458 0.012963
3 0.442188 0.345370 0.029167 0.038889
3 0.560937 0.336111 0.003125 0.005556
3 0.439844 0.395370 0.008854 0.022222
3 0.618750 0.411111 0.008333 0.024074
3 0.524740 0.450000 0.002604 0.007407
3 0.473177 0.465278 0.015104 0.021296
3 0.470833 0.464815 0.000000 0.000000
3 0.844792 0.503241 0.002083 0.006481
3 0.530469 0.518519 0.018229 0.024074
3 0.920573 0.535648 0.011979 0.019444
3 0.464583 0.552778 0.030208 0.046296
3 0.436458 0.694444 0.013542 0.025926
3 0.477604 0.722685 0.013542 0.017593
3 0.444010 0.743981 0.010937 0.017593
3 0.435156 0.792593 0.020313 0.035185
3 0.904427 0.873148 0.010937 0.014815
3 0.356771 0.950926 0.000000 0.000000
3 0.716927 0.994444 0.008854 0.009259
3 0.722917 0.998148 0.001042 0.001852
