3 0.961198 0.048148 0.010937 0.007407
3 0.836979 0.086574 0.009375 0.012037
3 0.059896 0.112037 0.010417 0.012963
3 0.849479 0.142593 0.009375 0.012963
3 0.378385 0.169444 0.004687 0.005556
3 0.189844 0.200926 0.013021 0.016667
3 0.196354 0.196296 0.000000 0.000000
3 0.473438 0.212500 0.009375 0.006481
3 0.958594 0.231019 0.009896 0.015741
3 0.842969 0.274537 0.009896 0.010185
3 0.870573 0.305556 0.019271 0.022222
3 0.841406 0.375926 0.016146 0.018519
3 0.601823 0.423611 0.007812 0.010185
3 0.445573 0.437037 0.009896 0.012963
3 0.511458 0.450926 0.003125 0.005556
3 0.854167 0.475463 0.003125 0.006481
3 0.767969 0.498148 0.008854 0.024074
3 0.906771 0.515278 0.023958 0.052778
3 0.867188 0.499074 0.005208 0.007407
3 0.562240 0.531944 0.005729 0.006481
3 0.916406 0.642130 0.020313 0.019444
3 0.657552 0.672685 0.014063 0.015741
3 0.994792 0.730556 0.009375 0.027778
