3 0.161198 0.000000 0.000521 0.000000
3 0.165885 0.012037 0.018229 0.024074
3 0.700781 0.011111 0.014063 0.022222
3 0.946875 0.038426 0.017708 0.026852
3 0.945052 0.099537 0.015104 0.026852
3 0.837240 0.140278 0.005729 0.013889
3 0.834375 0.147222 0.000000 0.000000
3 0.829427 0.179630 0.011979 0.016667
3 0.829427 0.334722 0.026562 0.073148
3 0.972656 0.437500 0.053646 0.097222
3 0.009115 0.480093 0.018229 0.025000
3 0.758333 0.626389 0.018750 0.025000
3 0.782813 0.634722 0.017708 0.023148
3 0.969792 0.741204 0.029167 0.052778
3 0.789062 0.780556 0.000000 0.000000
3 0.873698 0.820833 0.038021 0.060185
3 0.677865 0.800463 0.011979 0.013889
3 0.307031 0.838426 0.015104 0.026852
