3 0.463021 0.369444 0.000000 0.000000
3 0.464583 0.369444 0.000000 0.000000
3 0.455208 0.370370 0.000000 0.000000
3 0.501823 0.447685 0.136979 0.154630
3 0.460938 0.370370 0.000000 0.000000
3 0.449479 0.373148 0.000000 0.000000
3 0.448437 0.389815 0.000000 0.000000
3 0.478646 0.393519 0.000000 0.000000
3 0.434375 0.397222 0.000000 0.000000
3 0.433854 0.398148 0.000000 0.000000
3 0.433333 0.400926 0.000000 0.000000
3 0.434896 0.402778 0.000000 0.000000
3 0.435937 0.405556 0.000000 0.000000
3 0.436458 0.410185 0.000000 0.000000
3 0.488542 0.411111 0.000000 0.000000
3 0.486458 0.416667 0.000000 0.000000
3 0.438542 0.417593 0.000000 0.000000
3 0.485417 0.418519 0.000000 0.000000
3 0.441927 0.421296 0.000521 0.000000
3 0.444792 0.425000 0.000000 0.000000
3 0.450000 0.429630 0.000000 0.000000
3 0.473958 0.431481 0.000000 0.000000
3 0.455208 0.446296 0.000000 0.000000
3 0.472396 0.447222 0.000000 0.000000
3 0.475521 0.450000 0.000000 0.000000
3 0.444531 0.450926 0.000521 0.000000
3 0.479687 0.453704 0.000000 0.000000
3 0.480469 0.456019 0.001563 0.000926
3 0.481771 0.456481 0.000000 0.000000
3 0.482812 0.456481 0.000000 0.000000
3 0.482292 0.457407 0.000000 0.000000
3 0.483594 0.458796 0.000521 0.000926
3 0.485417 0.462963 0.000000 0.000000
3 0.436458 0.464815 0.000000 0.000000
3 0.486979 0.465741 0.000000 0.000000
3 0.435937 0.466667 0.000000 0.000000
3 0.486719 0.469444 0.000521 0.001852
3 0.488542 0.468519 0.000000 0.000000
3 0.434375 0.475000 0.000000 0.000000
3 0.449479 0.495370 0.000000 0.000000
3 0.455208 0.515741 0.000000 0.000000
3 0.471354 0.516667 0.000000 0.000000
