3 0.124479 0.021759 0.011458 0.015741
3 0.800000 0.087963 0.013542 0.020370
3 0.900260 0.104167 0.009896 0.008333
3 0.441667 0.122685 0.005208 0.006481
3 0.349740 0.166667 0.009896 0.012963
3 0.349479 0.163889 0.000000 0.000000
3 0.709635 0.287963 0.011979 0.011111
3 0.844010 0.343981 0.030729 0.012037
3 0.374219 0.403704 0.005729 0.005556
3 0.646875 0.417593 0.021875 0.024074
3 0.447656 0.416204 0.023438 0.013889
3 0.747917 0.428241 0.006250 0.008333
3 0.871875 0.479630 0.057292 0.072222
3 0.565625 0.466667 0.005208 0.007407
3 0.585417 0.506019 0.006250 0.010185
3 0.620573 0.608796 0.050521 0.058333
3 0.982812 0.593519 0.027083 0.012963
3 0.660417 0.643981 0.022917 0.023148
3 0.981250 0.714815 0.012500 0.011111
3 0.782292 0.718519 0.011458 0.016667
3 0.492448 0.859722 0.021354 0.017593
