3 0.395573 0.063889 0.002604 0.001852
3 0.158594 0.078241 0.005729 0.006481
3 0.314844 0.225926 0.015104 0.016667
3 0.211458 0.226852 0.000000 0.000000
3 0.449479 0.271296 0.004167 0.005556
3 0.352865 0.275000 0.006771 0.007407
3 0.312500 0.328241 0.006250 0.008333
3 0.340104 0.350926 0.006250 0.009259
3 0.596615 0.354630 0.002604 0.001852
3 0.262760 0.397222 0.005729 0.007407
3 0.024479 0.404630 0.008333 0.007407
3 0.466927 0.407407 0.001563 0.001852
3 0.274219 0.467593 0.011979 0.007407
3 0.274479 0.480093 0.014583 0.012037
3 0.295312 0.499537 0.006250 0.004630
3 0.246615 0.510648 0.008854 0.013889
3 0.130208 0.506481 0.005208 0.003704
3 0.327865 0.518056 0.002604 0.002778
3 0.546875 0.520833 0.003125 0.002778
3 0.327344 0.537500 0.024479 0.034259
3 0.404687 0.530093 0.013542 0.006481
3 0.331250 0.547685 0.004167 0.004630
3 0.040365 0.560185 0.002604 0.005556
3 0.320312 0.583333 0.010417 0.005556
3 0.443490 0.619444 0.023438 0.029630
3 0.432292 0.633333 0.012500 0.009259
3 0.114844 0.642593 0.006771 0.005556
3 0.657552 0.732407 0.008854 0.007407
