3 0.132031 0.005556 0.001563 0.001852
3 0.113021 0.024074 0.002083 0.001852
3 0.242969 0.138426 0.003646 0.004630
3 0.226562 0.150000 0.002083 0.001852
3 0.092708 0.163426 0.005208 0.006481
3 0.339062 0.181019 0.001042 0.000926
3 0.140885 0.215741 0.001563 0.001852
3 0.350521 0.251852 0.007292 0.009259
3 0.296094 0.265278 0.003646 0.006481
3 0.302344 0.281944 0.003646 0.004630
3 0.171354 0.290741 0.003125 0.003704
3 0.264323 0.300463 0.003646 0.006481
3 0.040625 0.313426 0.006250 0.006481
3 0.265885 0.321296 0.005729 0.012963
3 0.440885 0.315741 0.001563 0.001852
3 0.319271 0.333333 0.002083 0.001852
3 0.287240 0.336111 0.001563 0.001852
3 0.373177 0.373611 0.013021 0.023148
3 0.272917 0.368056 0.008333 0.010185
3 0.233073 0.383333 0.004687 0.009259
3 0.363542 0.398611 0.007292 0.010185
3 0.118750 0.413889 0.004167 0.005556
3 0.305469 0.424537 0.011979 0.025000
3 0.258333 0.443519 0.009375 0.011111
3 0.290885 0.471759 0.006771 0.008333
3 0.346094 0.472222 0.002604 0.003704
3 0.411458 0.476389 0.004167 0.004630
3 0.353646 0.512037 0.001042 0.001852
3 0.404948 0.682407 0.002604 0.003704
