3 0.933594 0.056481 0.004687 0.009259
3 0.678646 0.070833 0.005208 0.010185
3 0.660677 0.104630 0.005729 0.009259
3 0.726562 0.148611 0.005208 0.008333
3 0.653906 0.166204 0.001563 0.002778
3 0.562240 0.217130 0.021354 0.032407
3 0.797917 0.207870 0.006250 0.010185
3 0.504687 0.214815 0.010417 0.014815
3 0.604688 0.220833 0.008333 0.012037
3 0.302344 0.225926 0.004687 0.005556
3 0.584115 0.249537 0.009896 0.010185
3 0.580208 0.261111 0.002083 0.003704
3 0.809115 0.277315 0.015104 0.017593
3 0.630729 0.271759 0.003125 0.004630
3 0.696094 0.286574 0.029687 0.028704
3 0.761719 0.279167 0.005729 0.008333
3 0.754948 0.302778 0.011979 0.011111
3 0.626563 0.365741 0.009375 0.007407
3 0.398438 0.377778 0.004167 0.007407
3 0.500521 0.391667 0.002083 0.003704
3 0.541146 0.398148 0.002083 0.003704
3 0.388021 0.407870 0.002083 0.002778
3 0.627083 0.438889 0.005208 0.007407
3 0.588802 0.480556 0.002604 0.003704
3 0.737240 0.492130 0.004687 0.004630
3 0.428385 0.499074 0.003646 0.003704
3 0.506771 0.516204 0.004167 0.006481
3 0.749479 0.537037 0.005208 0.003704
3 0.670312 0.609722 0.005208 0.008333
3 0.269271 0.726852 0.002083 0.003704
