3 0.722135 0.064352 0.003646 0.004630
3 0.612500 0.175926 0.001042 0.001852
3 0.464062 0.176389 0.001042 0.000926
3 0.486979 0.180093 0.002083 0.000926
3 0.783073 0.196759 0.002604 0.004630
3 0.610417 0.275000 0.001042 0.001852
3 0.652344 0.293519 0.002604 0.001852
3 0.476302 0.303241 0.001563 0.002778
3 0.530208 0.310185 0.002083 0.001852
3 0.548438 0.338426 0.001042 0.000926
3 0.888281 0.359259 0.004687 0.005556
3 0.622656 0.358796 0.002604 0.002778
3 0.649219 0.370370 0.002604 0.003704
3 0.421615 0.371759 0.002604 0.002778
3 0.589844 0.370833 0.002604 0.000926
3 0.618490 0.383796 0.002604 0.004630
3 0.682813 0.414352 0.003125 0.004630
3 0.424219 0.415278 0.000521 0.000926
3 0.571615 0.424074 0.000521 0.001852
3 0.526302 0.424537 0.000521 0.000926
3 0.609375 0.448611 0.002083 0.002778
3 0.656771 0.449074 0.003125 0.001852
3 0.581510 0.451852 0.001563 0.001852
3 0.596354 0.467593 0.001042 0.001852
3 0.580208 0.471296 0.001042 0.001852
3 0.647656 0.472685 0.002604 0.002778
3 0.528646 0.476389 0.005208 0.002778
3 0.626563 0.476852 0.006250 0.003704
3 0.584896 0.485185 0.004167 0.005556
3 0.803385 0.482870 0.001563 0.000926
3 0.681510 0.487963 0.007812 0.007407
3 0.621875 0.536111 0.011458 0.016667
3 0.558073 0.548611 0.010937 0.015741
3 0.650521 0.545370 0.005208 0.003704
3 0.569010 0.557870 0.004687 0.006481
3 0.577865 0.632870 0.003646 0.004630
