3 0.207552 0.118981 0.003646 0.004630
3 0.084375 0.160648 0.002083 0.002778
3 0.398958 0.203704 0.002083 0.003704
3 0.341406 0.253704 0.001563 0.001852
3 0.400000 0.309722 0.001042 0.000926
3 0.455208 0.315741 0.002083 0.001852
3 0.002083 0.337037 0.004167 0.001852
3 0.316146 0.339352 0.003125 0.002778
3 0.288802 0.352315 0.003646 0.004630
3 0.281250 0.356019 0.003125 0.004630
3 0.312760 0.374074 0.003646 0.005556
3 0.449479 0.393981 0.001042 0.000926
3 0.289844 0.419444 0.003646 0.003704
3 0.317969 0.436111 0.006771 0.007407
3 0.137240 0.470370 0.003646 0.003704
3 0.318229 0.472222 0.006250 0.005556
3 0.097917 0.481019 0.002083 0.002778
3 0.313021 0.490741 0.001042 0.001852
3 0.345573 0.492593 0.004687 0.005556
3 0.306510 0.499074 0.001563 0.001852
3 0.205469 0.503704 0.003646 0.003704
3 0.351042 0.512037 0.009375 0.014815
3 0.302083 0.539352 0.004167 0.006481
3 0.350260 0.546759 0.006771 0.006481
3 0.383594 0.553704 0.014063 0.014815
3 0.173437 0.548611 0.001042 0.002778
3 0.139583 0.554167 0.004167 0.006481
3 0.420052 0.574074 0.003646 0.003704
3 0.220833 0.580093 0.002083 0.002778
3 0.012760 0.584259 0.007812 0.009259
3 0.266406 0.656944 0.005729 0.004630
