3 0.492708 0.087037 0.010417 0.011111
3 0.363542 0.099537 0.021875 0.015741
3 0.839063 0.133333 0.011458 0.007407
3 0.528906 0.145833 0.004687 0.006481
3 0.711719 0.147685 0.026562 0.010185
3 0.282552 0.152315 0.004687 0.004630
3 0.626823 0.164815 0.005729 0.007407
3 0.925000 0.193981 0.030208 0.021296
3 0.534375 0.219907 0.018750 0.021296
3 0.425260 0.244907 0.004687 0.008333
3 0.522656 0.303241 0.047396 0.054630
3 0.734115 0.308796 0.051562 0.058333
3 0.560417 0.353704 0.019792 0.022222
3 0.834635 0.373148 0.024479 0.009259
3 0.561198 0.433333 0.009896 0.014815
3 0.736458 0.443981 0.010417 0.008333
3 0.588281 0.493981 0.017188 0.019444
