3 0.845833 0.002315 0.005208 0.004630
3 0.578906 0.031944 0.013021 0.017593
3 0.434896 0.065278 0.004167 0.006481
3 0.265885 0.072222 0.004687 0.003704
3 0.600260 0.121759 0.008854 0.012037
3 0.774219 0.157870 0.010937 0.010185
3 0.621094 0.221759 0.021354 0.021296
3 0.736979 0.225463 0.009375 0.013889
3 0.463281 0.249074 0.018229 0.024074
3 0.839323 0.256019 0.029687 0.030556
3 0.532813 0.271296 0.005208 0.005556
3 0.428125 0.272685 0.005208 0.006481
3 0.250000 0.328704 0.020833 0.016667
3 0.457292 0.387500 0.007292 0.006481
3 0.614062 0.442593 0.043750 0.070370
3 0.721615 0.495370 0.022396 0.020370
3 0.372135 0.598148 0.042188 0.064815
3 0.415104 0.623611 0.019792 0.028704
