3 0.120833 0.111111 0.015625 0.020370
3 0.126042 0.103704 0.000000 0.000000
3 0.399219 0.262037 0.031771 0.012963
3 0.098958 0.295833 0.036458 0.026852
3 0.791667 0.293981 0.022917 0.017593
3 0.151302 0.331019 0.016146 0.012037
3 0.508073 0.335185 0.006771 0.009259
3 0.375521 0.369444 0.057292 0.064815
3 0.588281 0.358333 0.021354 0.025926
3 0.628125 0.367130 0.025000 0.026852
3 0.701823 0.381481 0.005729 0.007407
3 0.615625 0.417130 0.044792 0.054630
3 0.582292 0.455556 0.019792 0.022222
3 0.650260 0.458333 0.011979 0.016667
3 0.267188 0.483333 0.026042 0.011111
3 0.753385 0.656019 0.008854 0.017593
3 0.160156 0.928704 0.018229 0.011111
