3 0.960677 0.018519 0.001563 0.005556
3 0.641146 0.040741 0.002083 0.003704
3 0.549219 0.061111 0.007812 0.012963
3 0.748958 0.073611 0.004167 0.006481
3 0.674740 0.174074 0.004687 0.009259
3 0.650521 0.193981 0.005208 0.008333
3 0.570833 0.231944 0.019792 0.032407
3 0.313542 0.240278 0.004167 0.006481
3 0.508073 0.244907 0.008854 0.013889
3 0.586979 0.259259 0.008333 0.011111
3 0.844531 0.274074 0.003646 0.007407
3 0.689844 0.277778 0.004687 0.007407
3 0.587500 0.297222 0.002083 0.003704
3 0.748958 0.318981 0.005208 0.008333
3 0.668750 0.328241 0.020833 0.025000
3 0.604688 0.327315 0.001042 0.002778
3 0.621354 0.330093 0.002083 0.004630
3 0.657813 0.337963 0.011458 0.012963
3 0.754687 0.354630 0.013542 0.014815
3 0.714323 0.361111 0.010937 0.011111
3 0.730208 0.362500 0.005208 0.008333
3 0.582292 0.381019 0.007292 0.006481
3 0.385937 0.443519 0.004167 0.007407
3 0.478646 0.441204 0.002083 0.002778
3 0.504427 0.478241 0.001563 0.002778
3 0.364583 0.505556 0.001042 0.001852
3 0.586198 0.518519 0.004687 0.007407
3 0.546354 0.528704 0.002083 0.003704
3 0.459635 0.587500 0.003646 0.006481
3 0.386979 0.592593 0.003125 0.003704
3 0.695573 0.604630 0.004687 0.003704
3 0.657292 0.609722 0.004167 0.004630
3 0.617969 0.664352 0.004687 0.008333
3 0.241927 0.721759 0.001563 0.002778
