3 0.416667 0.000926 0.001042 0.001852
3 0.619271 0.089352 0.003125 0.002778
3 0.820052 0.098611 0.003646 0.004630
3 0.765104 0.200926 0.007292 0.003704
3 0.256250 0.250463 0.002083 0.002778
3 0.913281 0.280093 0.007812 0.010185
3 0.889844 0.297685 0.006771 0.008333
3 0.279687 0.301852 0.007292 0.011111
3 0.691146 0.355556 0.003125 0.003704
3 0.572917 0.363426 0.003125 0.002778
3 0.987760 0.384259 0.008854 0.011111
3 0.817187 0.383796 0.007292 0.008333
3 0.824740 0.412037 0.008854 0.011111
3 0.979427 0.482870 0.008854 0.008333
3 0.919792 0.487037 0.007292 0.011111
3 0.841667 0.494444 0.016667 0.016667
3 0.725781 0.500000 0.013021 0.016667
3 0.992708 0.524537 0.013542 0.023148
3 0.705990 0.544907 0.003646 0.004630
3 0.782031 0.554167 0.003646 0.002778
3 0.597396 0.593981 0.013542 0.013889
3 0.841406 0.642593 0.028646 0.048148
3 0.912500 0.687500 0.015625 0.015741
3 0.762500 0.686111 0.004167 0.003704
3 0.687500 0.773611 0.028125 0.045370
3 0.712760 0.788426 0.013021 0.019444
