3 0.539323 0.073611 0.009896 0.013889
3 0.745052 0.120833 0.009896 0.012037
3 0.066146 0.117130 0.002083 0.002778
3 0.443750 0.146296 0.003125 0.003704
3 0.309896 0.164815 0.003125 0.003704
3 0.556250 0.200463 0.006250 0.008333
3 0.670573 0.226389 0.008854 0.008333
3 0.663021 0.265741 0.007292 0.009259
3 0.583854 0.284722 0.014583 0.015741
3 0.504687 0.300000 0.004167 0.003704
3 0.463542 0.308796 0.014583 0.019444
3 0.751823 0.312037 0.023438 0.024074
3 0.450000 0.336574 0.004167 0.004630
3 0.397917 0.339815 0.006250 0.005556
3 0.288021 0.344444 0.016667 0.012963
3 0.574219 0.468056 0.035937 0.050926
3 0.660156 0.499074 0.017188 0.016667
3 0.652083 0.504630 0.000000 0.000000
3 0.378646 0.565741 0.033333 0.051852
3 0.414583 0.587037 0.015625 0.022222
3 0.427083 0.839352 0.013542 0.019444
