3 0.335938 0.000463 0.001042 0.000926
3 0.343490 0.001852 0.006771 0.003704
3 0.600521 0.076852 0.005208 0.005556
3 0.507292 0.082407 0.000000 0.000000
3 0.513802 0.092593 0.013021 0.018519
3 0.981250 0.107407 0.008333 0.011111
3 0.188021 0.180093 0.014583 0.017593
3 0.622396 0.355556 0.019792 0.018519
3 0.263802 0.392593 0.015104 0.011111
3 0.868490 0.424074 0.022396 0.014815
3 0.456510 0.425926 0.021354 0.011111
3 0.202083 0.450463 0.031250 0.023148
3 0.683333 0.445370 0.005208 0.007407
3 0.563281 0.460648 0.006771 0.008333
3 0.994271 0.505556 0.007292 0.007407
3 0.656510 0.539352 0.023438 0.023148
3 0.466667 0.593519 0.050000 0.057407
3 0.713542 0.590741 0.042708 0.051852
3 0.674219 0.637037 0.019271 0.020370
3 0.760938 0.642593 0.008333 0.014815
3 0.348698 0.651852 0.024479 0.009259
3 0.700781 0.694444 0.013021 0.014815
3 0.231771 0.902778 0.016667 0.009259
