3 0.513281 0.001389 0.004687 0.002778
3 0.242448 0.083333 0.010937 0.016667
3 0.048698 0.122222 0.008854 0.012963
3 0.134375 0.280556 0.011458 0.018519
3 0.320312 0.297222 0.011458 0.020370
3 0.040104 0.428704 0.012500 0.020370
3 0.642708 0.436111 0.011458 0.016667
3 0.068490 0.467593 0.013021 0.014815
3 0.052865 0.498611 0.021354 0.026852
3 0.511979 0.556944 0.034375 0.050926
3 0.271354 0.581019 0.062500 0.052778
3 0.614844 0.581481 0.019271 0.025926
3 0.477083 0.591204 0.016667 0.013889
3 0.194010 0.610185 0.020313 0.012963
3 0.343750 0.607870 0.005208 0.008333
3 0.459896 0.625926 0.005208 0.007407
3 0.394792 0.736574 0.018750 0.013889
