3 0.302865 0.156481 0.007812 0.009259
3 0.220833 0.221296 0.008333 0.011111
3 0.129167 0.218981 0.003125 0.002778
3 0.495312 0.222222 0.003125 0.003704
3 0.349740 0.278704 0.008854 0.012963
3 0.071094 0.295833 0.005729 0.006481
3 0.136719 0.370833 0.008854 0.012037
3 0.847135 0.413426 0.016146 0.023148
3 0.972135 0.412963 0.010937 0.007407
3 0.423177 0.462963 0.006771 0.009259
3 0.162500 0.487500 0.015625 0.015741
3 0.184115 0.485185 0.009896 0.009259
3 0.298177 0.497222 0.018229 0.007407
3 0.571354 0.508796 0.014583 0.012037
3 0.362500 0.517593 0.004167 0.005556
3 0.440885 0.518056 0.003646 0.004630
3 0.503385 0.576389 0.025521 0.034259
3 0.331510 0.583796 0.030729 0.030556
3 0.209635 0.598611 0.014063 0.015741
3 0.396354 0.598148 0.014583 0.012963
3 0.264583 0.602315 0.014583 0.006481
3 0.475781 0.605093 0.011979 0.010185
3 0.500781 0.619907 0.007812 0.008333
3 0.547396 0.643056 0.005208 0.006481
3 0.451042 0.743056 0.019792 0.030556
3 0.350000 0.747685 0.006250 0.010185
3 0.061458 0.835185 0.011458 0.005556
