3 0.730469 0.051389 0.003646 0.004630
3 0.677604 0.138426 0.003125 0.004630
3 0.561719 0.208796 0.001563 0.002778
3 0.873177 0.275463 0.003646 0.004630
3 0.487240 0.300463 0.002604 0.002778
3 0.196875 0.302315 0.004167 0.004630
3 0.249219 0.341204 0.001563 0.002778
3 0.771354 0.361574 0.002083 0.002778
3 0.845573 0.405556 0.001563 0.001852
3 0.694531 0.415741 0.003646 0.003704
3 0.741927 0.420370 0.003646 0.001852
3 0.935677 0.428704 0.003646 0.001852
3 0.692187 0.433796 0.003125 0.004630
3 0.561979 0.464352 0.003125 0.002778
3 0.700781 0.466204 0.003646 0.004630
3 0.402865 0.472685 0.003646 0.004630
3 0.702083 0.475000 0.006250 0.009259
3 0.520573 0.485185 0.001563 0.001852
3 0.726042 0.490741 0.004167 0.005556
3 0.605208 0.510648 0.003125 0.004630
3 0.548438 0.523148 0.003125 0.005556
3 0.688021 0.525000 0.005208 0.007407
3 0.459896 0.552778 0.004167 0.005556
3 0.712760 0.569907 0.009896 0.023148
3 0.567708 0.561574 0.001042 0.002778
3 0.692708 0.571296 0.001042 0.001852
3 0.659375 0.582407 0.003125 0.009259
3 0.864583 0.584259 0.002083 0.001852
3 0.692448 0.607870 0.001563 0.002778
3 0.581510 0.619907 0.001563 0.002778
3 0.710938 0.669444 0.007292 0.009259
3 0.746354 0.681481 0.014583 0.016667
3 0.613802 0.760185 0.004687 0.007407
3 0.844531 0.817130 0.005729 0.006481
3 0.304948 0.847222 0.001563 0.003704
