3 0.348958 0.232407 0.105208 0.200000
3 0.316146 0.202778 0.000000 0.000000
3 0.318750 0.202778 0.000000 0.000000
3 0.313021 0.203704 0.000000 0.000000
3 0.310417 0.204630 0.000000 0.000000
3 0.312500 0.204630 0.000000 0.000000
3 0.321094 0.204630 0.000521 0.000000
3 0.310417 0.206481 0.000000 0.000000
3 0.305208 0.209259 0.000000 0.000000
3 0.320312 0.212963 0.000000 0.000000
3 0.302083 0.214815 0.000000 0.000000
3 0.302083 0.216667 0.000000 0.000000
3 0.330208 0.216667 0.000000 0.000000
3 0.301042 0.217593 0.000000 0.000000
3 0.330729 0.218519 0.000000 0.000000
3 0.333854 0.234259 0.000000 0.000000
3 0.304688 0.241667 0.000000 0.000000
3 0.297917 0.255556 0.000000 0.001852
3 0.322396 0.259259 0.000000 0.000000
3 0.329427 0.259259 0.000521 0.000000
3 0.307292 0.272222 0.000000 0.000000
3 0.306510 0.273148 0.000521 0.000000
3 0.045573 0.526389 0.027604 0.049074
