3 0.516927 0.117130 0.005729 0.008333
3 0.588542 0.164352 0.002083 0.002778
3 0.567448 0.187963 0.005729 0.009259
3 0.483333 0.200000 0.006250 0.011111
3 0.645833 0.268519 0.006250 0.011111
3 0.630990 0.321759 0.013021 0.015741
3 0.523438 0.360648 0.012500 0.010185
3 0.423177 0.360648 0.002604 0.004630
3 0.599219 0.368519 0.006771 0.007407
3 0.467708 0.384259 0.003125 0.003704
3 0.321875 0.389352 0.011458 0.012037
3 0.339062 0.401852 0.022917 0.031481
3 0.492708 0.406481 0.029167 0.029630
3 0.551823 0.410185 0.013021 0.007407
3 0.323437 0.417130 0.009375 0.010185
3 0.362760 0.426852 0.010937 0.009259
3 0.198437 0.426852 0.005208 0.003704
3 0.458594 0.458333 0.009896 0.007407
3 0.729167 0.459722 0.005208 0.004630
3 0.416927 0.463889 0.001563 0.001852
3 0.481771 0.468519 0.002083 0.003704
3 0.371094 0.487963 0.004687 0.007407
3 0.563281 0.500000 0.005729 0.007407
3 0.394531 0.512963 0.002604 0.003704
3 0.477344 0.522685 0.003646 0.002778
3 0.505469 0.563426 0.002604 0.004630
3 0.496354 0.575926 0.004167 0.007407
3 0.661719 0.592593 0.005729 0.003704
3 0.613542 0.682407 0.005208 0.009259
3 0.302865 0.843056 0.001563 0.002778
