3 0.514844 0.012963 0.001563 0.003704
3 0.606250 0.024537 0.006250 0.012037
3 0.552865 0.133796 0.007812 0.012037
3 0.079948 0.140741 0.007812 0.007407
3 0.245833 0.151389 0.002083 0.002778
3 0.614583 0.158333 0.006250 0.009259
3 0.285677 0.215278 0.003646 0.002778
3 0.243229 0.225463 0.005208 0.008333
3 0.675781 0.253241 0.006771 0.010185
3 0.343229 0.274074 0.013542 0.012963
3 0.385156 0.281481 0.002604 0.003704
3 0.676562 0.311111 0.007292 0.005556
3 0.446354 0.311111 0.003125 0.003704
3 0.563281 0.313889 0.013021 0.007407
3 0.576042 0.327778 0.004167 0.003704
3 0.346354 0.331481 0.004167 0.005556
3 0.513802 0.337500 0.003646 0.004630
3 0.693229 0.341667 0.017708 0.012963
3 0.489063 0.346296 0.005208 0.005556
3 0.426302 0.366204 0.029687 0.037963
3 0.462760 0.358796 0.010937 0.010185
3 0.338281 0.361111 0.002604 0.003704
3 0.570573 0.383333 0.026562 0.033333
3 0.311198 0.392130 0.017188 0.013889
3 0.451562 0.400463 0.012500 0.015741
3 0.433333 0.423611 0.002083 0.004630
3 0.634375 0.432407 0.014583 0.005556
3 0.526042 0.525926 0.005208 0.007407
3 0.610156 0.527778 0.005729 0.003704
3 0.114583 0.532870 0.002083 0.002778
