3 0.586458 0.044444 0.006250 0.009259
3 0.645833 0.100463 0.006250 0.010185
3 0.553646 0.126389 0.006250 0.012037
3 0.719531 0.180093 0.006771 0.012037
3 0.716146 0.198611 0.014583 0.019444
3 0.653906 0.203241 0.001563 0.002778
3 0.377604 0.218519 0.010417 0.012963
3 0.405469 0.274537 0.024479 0.037963
3 0.570052 0.279167 0.023438 0.034259
3 0.597917 0.269907 0.013542 0.013889
3 0.634115 0.273148 0.014063 0.012963
3 0.681510 0.275463 0.007812 0.010185
3 0.487760 0.292593 0.002604 0.005556
3 0.430469 0.296759 0.011979 0.010185
3 0.544792 0.300463 0.003125 0.004630
3 0.381771 0.315741 0.012500 0.016667
3 0.527083 0.393056 0.010417 0.008333
3 0.241927 0.444444 0.005729 0.005556
3 0.542969 0.506481 0.002604 0.003704
3 0.809635 0.507407 0.005729 0.005556
3 0.455208 0.511111 0.003125 0.003704
3 0.632812 0.522685 0.006250 0.008333
3 0.420573 0.559722 0.004687 0.008333
3 0.748437 0.558796 0.006250 0.004630
3 0.570833 0.568056 0.003125 0.004630
3 0.464583 0.598611 0.002083 0.002778
3 0.555469 0.667130 0.004687 0.008333
3 0.528646 0.674074 0.004167 0.003704
3 0.694531 0.696759 0.005729 0.010185
3 0.339583 0.976852 0.002083 0.003704
