3 0.697135 0.020833 0.004687 0.008333
3 0.479167 0.050463 0.009375 0.019444
3 0.432292 0.113426 0.023958 0.041667
3 0.555729 0.104167 0.006250 0.010185
3 0.563542 0.123611 0.005208 0.010185
3 0.369531 0.149074 0.010937 0.018519
3 0.453125 0.149537 0.010417 0.015741
3 0.156250 0.170833 0.005208 0.008333
3 0.610677 0.196296 0.005729 0.009259
3 0.469271 0.212963 0.003125 0.005556
3 0.565104 0.244907 0.021875 0.036111
3 0.805469 0.252315 0.004687 0.008333
3 0.504687 0.260648 0.003125 0.004630
3 0.570312 0.279630 0.014583 0.014815
3 0.627344 0.282407 0.013021 0.016667
3 0.683073 0.299074 0.016146 0.022222
3 0.668750 0.299537 0.006250 0.010185
3 0.527344 0.314815 0.001563 0.003704
3 0.631250 0.327315 0.006250 0.010185
3 0.478125 0.340741 0.009375 0.009259
3 0.344531 0.414352 0.002604 0.004630
3 0.251042 0.440278 0.005208 0.008333
3 0.393229 0.492130 0.002083 0.004630
3 0.475000 0.538426 0.005208 0.008333
3 0.237760 0.537500 0.001563 0.002778
3 0.434635 0.539352 0.002604 0.004630
3 0.600260 0.626389 0.005729 0.006481
3 0.345052 0.640741 0.004687 0.007407
3 0.269010 0.653241 0.003646 0.004630
3 0.588542 0.669907 0.004167 0.006481
3 0.509635 0.711111 0.005729 0.009259
3 0.059115 0.775000 0.002604 0.003704
