3 0.945833 0.049537 0.107292 0.039815
3 0.512760 0.445370 0.580729 0.207407
3 0.300000 0.342593 0.000000 0.000000
3 0.327083 0.342593 0.000000 0.000000
3 0.308333 0.343519 0.000000 0.000000
3 0.309896 0.343519 0.000000 0.000000
3 0.311979 0.343519 0.000000 0.000000
3 0.238542 0.344444 0.000000 0.000000
3 0.303646 0.344444 0.000000 0.000000
3 0.304688 0.344444 0.000000 0.000000
3 0.243229 0.345370 0.000000 0.000000
3 0.246094 0.345370 0.000521 0.000000
3 0.267188 0.345370 0.000000 0.000000
3 0.290625 0.345370 0.000000 0.000000
3 0.243750 0.346296 0.000000 0.000000
3 0.249479 0.346296 0.000000 0.000000
3 0.252865 0.346296 0.000521 0.000000
3 0.254167 0.346296 0.000000 0.000000
3 0.264062 0.346296 0.000000 0.000000
3 0.277083 0.346296 0.000000 0.000000
3 0.280729 0.346296 0.000000 0.000000
3 0.289062 0.346296 0.000000 0.000000
3 0.242708 0.347222 0.000000 0.000000
3 0.268750 0.347222 0.000000 0.000000
3 0.270313 0.347222 0.000000 0.000000
3 0.281771 0.347222 0.000000 0.000000
3 0.243750 0.348148 0.000000 0.000000
3 0.245312 0.348148 0.000000 0.000000
3 0.276562 0.348148 0.000000 0.000000
3 0.280729 0.348148 0.000000 0.000000
3 0.283854 0.348148 0.000000 0.000000
3 0.246354 0.350000 0.000000 0.000000
3 0.251042 0.352778 0.000000 0.000000
3 0.251823 0.354630 0.000521 0.000000
3 0.266667 0.366667 0.000000 0.000000
3 0.272917 0.366667 0.000000 0.000000
3 0.274219 0.367593 0.000521 0.001852
3 0.263281 0.367593 0.000521 0.000000
3 0.264583 0.367593 0.000000 0.000000
3 0.265625 0.367593 0.000000 0.000000
3 0.269271 0.368056 0.000000 0.000926
3 0.271875 0.368519 0.000000 0.000000
3 0.272917 0.368519 0.000000 0.000000
3 0.264062 0.369444 0.000000 0.000000
3 0.277604 0.371296 0.000000 0.000000
3 0.263802 0.372222 0.000521 0.000000
3 0.260937 0.373148 0.000000 0.000000
3 0.262500 0.374074 0.000000 0.000000
3 0.261458 0.375000 0.000000 0.000000
3 0.260417 0.375926 0.000000 0.000000
3 0.252083 0.376852 0.000000 0.000000
3 0.253646 0.376852 0.000000 0.000000
3 0.256250 0.376852 0.000000 0.000000
3 0.257292 0.376852 0.000000 0.000000
3 0.258333 0.377315 0.001042 0.000926
3 0.259896 0.376852 0.000000 0.000000
3 0.246354 0.377778 0.000000 0.000000
3 0.251563 0.377778 0.000000 0.000000
3 0.667708 0.388889 0.000000 0.000000
3 0.660417 0.389815 0.000000 0.000000
3 0.678125 0.389815 0.000000 0.000000
3 0.679167 0.389815 0.000000 0.000000
3 0.603646 0.405556 0.000000 0.000000
3 0.803125 0.429630 0.000000 0.000000
