3 0.433073 0.010185 0.021354 0.020370
3 0.421875 0.044907 0.019792 0.028704
3 0.416667 0.049074 0.000000 0.000000
3 0.232552 0.115278 0.028646 0.034259
3 0.443229 0.209259 0.009375 0.009259
3 0.631510 0.224537 0.019271 0.036111
3 0.471615 0.438889 0.007812 0.012963
3 0.982812 0.499537 0.000000 0.000926
3 0.550260 0.581481 0.023438 0.048148
3 0.115104 0.608796 0.058333 0.097222
3 0.783594 0.668519 0.020313 0.033333
3 0.155208 0.721296 0.030208 0.046296
3 0.516667 0.766667 0.029167 0.050000
3 0.720573 0.761111 0.020313 0.020370
3 0.346875 0.970370 0.078125 0.057407
