3 0.998437 0.004167 0.002083 0.008333
3 0.707812 0.010185 0.009375 0.005556
3 0.907031 0.062037 0.011979 0.016667
3 0.117448 0.068981 0.010937 0.013889
3 0.652344 0.210185 0.004687 0.005556
3 0.035677 0.211574 0.003646 0.004630
3 0.500000 0.228241 0.004167 0.004630
3 0.772656 0.278704 0.008854 0.011111
3 0.929167 0.364352 0.009375 0.013889
3 0.891667 0.371296 0.005208 0.005556
3 0.806510 0.384259 0.004687 0.005556
3 0.730469 0.393981 0.005729 0.006481
3 0.927344 0.422685 0.018229 0.017593
3 0.579948 0.449074 0.019271 0.016667
3 0.765625 0.471759 0.017708 0.021296
3 0.757292 0.462963 0.000000 0.000000
3 0.924219 0.649074 0.045312 0.059259
3 0.717708 0.716204 0.041667 0.060185
3 0.753646 0.743056 0.017708 0.026852
