3 0.983333 0.028241 0.029167 0.032407
3 0.941927 0.025926 0.014063 0.018519
3 0.435677 0.115741 0.045312 0.070370
3 0.734896 0.120833 0.048958 0.056481
3 0.477344 0.152315 0.022396 0.017593
3 0.628385 0.148611 0.005729 0.008333
3 0.838802 0.155093 0.025521 0.017593
3 0.343229 0.177315 0.022917 0.030556
3 0.479427 0.262963 0.005729 0.007407
3 0.597917 0.318981 0.018750 0.013889
3 0.007552 0.350926 0.010937 0.011111
3 0.768750 0.478704 0.011458 0.016667
3 0.559896 0.511111 0.005208 0.007407
3 0.425000 0.541204 0.005208 0.008333
3 0.325521 0.586574 0.009375 0.015741
3 0.386198 0.650463 0.003646 0.004630
3 0.650781 0.655093 0.005729 0.010185
3 0.575781 0.794907 0.008854 0.015741
3 0.492188 0.800926 0.008333 0.007407
3 0.877865 0.846296 0.010937 0.020370
