3 0.459635 0.114352 0.002604 0.006481
3 0.342187 0.194444 0.001042 0.001852
3 0.408594 0.233796 0.002604 0.004630
3 0.691667 0.242593 0.001042 0.001852
3 0.620833 0.247685 0.001042 0.000926
3 0.329427 0.250926 0.001563 0.003704
3 0.608594 0.282870 0.001563 0.002778
3 0.263542 0.286111 0.001042 0.001852
3 0.571094 0.298611 0.005729 0.008333
3 0.512760 0.299537 0.000521 0.000926
3 0.598698 0.331944 0.002604 0.004630
3 0.608854 0.331944 0.003125 0.002778
3 0.488021 0.335648 0.001042 0.000926
3 0.463021 0.339815 0.001042 0.001852
3 0.401562 0.343981 0.002083 0.002778
3 0.614844 0.354630 0.013021 0.016667
3 0.589063 0.362500 0.001042 0.000926
3 0.597656 0.372222 0.002604 0.003704
3 0.615885 0.379167 0.003646 0.008333
3 0.580990 0.387037 0.000521 0.001852
3 0.561198 0.400926 0.002604 0.007407
3 0.664583 0.400000 0.000000 0.000000
3 0.664844 0.403241 0.004687 0.004630
3 0.485938 0.403704 0.002083 0.003704
3 0.602865 0.407870 0.001563 0.002778
3 0.489323 0.409259 0.000521 0.001852
3 0.741927 0.414815 0.002604 0.003704
3 0.594271 0.418056 0.005208 0.006481
3 0.613542 0.434722 0.011458 0.013889
3 0.601302 0.438889 0.002604 0.003704
3 0.587500 0.442130 0.002083 0.002778
3 0.730208 0.443519 0.001042 0.001852
3 0.478906 0.449537 0.001563 0.002778
3 0.620313 0.468056 0.009375 0.008333
3 0.480208 0.494907 0.002083 0.002778
3 0.531510 0.512037 0.001563 0.001852
3 0.852083 0.548148 0.003125 0.003704
