3 0.716146 0.050463 0.003125 0.004630
3 0.572917 0.074074 0.001042 0.001852
3 0.484115 0.090278 0.004687 0.006481
3 0.679948 0.119907 0.005729 0.008333
3 0.788281 0.162963 0.001563 0.001852
3 0.412760 0.184722 0.004687 0.006481
3 0.664583 0.230556 0.003125 0.003704
3 0.533073 0.234259 0.001563 0.001852
3 0.263802 0.277778 0.001563 0.003704
3 0.478646 0.282407 0.003125 0.003704
3 0.748437 0.284259 0.004167 0.005556
3 0.708854 0.321296 0.004167 0.005556
3 0.555469 0.327315 0.003646 0.004630
3 0.760417 0.331944 0.004167 0.004630
3 0.608854 0.338889 0.002083 0.001852
3 0.916146 0.343519 0.002083 0.001852
3 0.860417 0.357870 0.003125 0.004630
3 0.758854 0.380093 0.008333 0.006481
3 0.706510 0.382870 0.003646 0.004630
3 0.576042 0.388426 0.001042 0.002778
3 0.731250 0.403704 0.002083 0.001852
3 0.687240 0.413889 0.004687 0.009259
3 0.711719 0.415741 0.006771 0.005556
3 0.720573 0.421296 0.001563 0.001852
3 0.700781 0.428241 0.003646 0.000926
3 0.857812 0.443981 0.001042 0.000926
3 0.717708 0.451852 0.008333 0.009259
3 0.532552 0.466204 0.003646 0.004630
3 0.744271 0.475463 0.012500 0.021296
3 0.798438 0.476852 0.016667 0.020370
3 0.737240 0.467593 0.000521 0.000000
3 0.742708 0.468519 0.000000 0.000000
3 0.791406 0.493981 0.007812 0.008333
3 0.598958 0.496296 0.003125 0.003704
3 0.738542 0.506019 0.005208 0.004630
3 0.915625 0.560185 0.007292 0.007407
3 0.947917 0.579167 0.003125 0.002778
