3 0.914583 0.007407 0.014583 0.014815
3 0.916146 0.000000 0.001042 0.000000
3 0.900781 0.050463 0.015104 0.017593
3 0.956250 0.148611 0.015625 0.012037
3 0.302344 0.161574 0.013021 0.015741
3 0.124740 0.235648 0.005729 0.010185
3 0.935677 0.245833 0.018229 0.023148
3 0.870313 0.262500 0.013542 0.019444
3 0.563021 0.311111 0.011458 0.018519
3 0.991146 0.360185 0.016667 0.035185
3 0.314583 0.362963 0.012500 0.018519
3 0.340365 0.509722 0.003646 0.008333
3 0.904427 0.561111 0.018229 0.033333
3 0.825260 0.678704 0.003646 0.011111
3 0.982812 0.802778 0.033333 0.077778
3 0.754167 0.785648 0.016667 0.037963
3 0.371875 0.826389 0.007292 0.012037
