3 0.469271 0.050926 0.002083 0.003704
3 0.044271 0.108333 0.006250 0.009259
3 0.622135 0.166204 0.002604 0.006481
3 0.462500 0.178241 0.002083 0.002778
3 0.033594 0.188889 0.010937 0.016667
3 0.418750 0.239815 0.005208 0.009259
3 0.416146 0.239815 0.000000 0.000000
3 0.168229 0.275926 0.002083 0.003704
3 0.020052 0.295370 0.004687 0.007407
3 0.854948 0.298611 0.005729 0.006481
3 0.472135 0.335185 0.005729 0.009259
3 0.402083 0.349537 0.006250 0.008333
3 0.523958 0.357407 0.004167 0.007407
3 0.599219 0.392130 0.008854 0.012037
3 0.526302 0.425463 0.018229 0.023148
3 0.513802 0.449537 0.006771 0.010185
3 0.557813 0.451852 0.002083 0.003704
3 0.984375 0.471296 0.008333 0.012963
3 0.363021 0.470833 0.007292 0.010185
3 0.465885 0.475000 0.010937 0.011111
3 0.501042 0.471759 0.002083 0.004630
3 0.450781 0.492130 0.021354 0.023148
3 0.365104 0.496296 0.006250 0.007407
3 0.554688 0.507407 0.009375 0.009259
3 0.352344 0.513426 0.015104 0.015741
3 0.407552 0.535185 0.010937 0.009259
3 0.706771 0.552315 0.002083 0.004630
3 0.769271 0.563426 0.002083 0.006481
3 0.591667 0.644444 0.008333 0.012963
3 0.633594 0.681019 0.002604 0.006481
3 0.424740 0.802315 0.006771 0.008333
3 0.548438 0.893981 0.007292 0.012037
3 0.528125 0.982870 0.011458 0.019444
