3 0.161458 0.467593 0.000000 0.000000
3 0.160156 0.468519 0.000521 0.000000
3 0.159896 0.470833 0.001042 0.000926
3 0.157292 0.505093 0.032292 0.063889
3 0.160417 0.473148 0.000000 0.000000
3 0.162500 0.476852 0.000000 0.000000
3 0.153125 0.480556 0.000000 0.000000
3 0.141406 0.509259 0.000521 0.001852
3 0.142708 0.511111 0.000000 0.000000
3 0.143229 0.512500 0.000000 0.000926
3 0.142708 0.514815 0.000000 0.001852
3 0.143750 0.516667 0.000000 0.000000
3 0.143750 0.518519 0.000000 0.000000
3 0.144531 0.520833 0.000521 0.000926
3 0.144271 0.522222 0.000000 0.000000
3 0.145833 0.522222 0.000000 0.000000
3 0.706510 0.606944 0.103646 0.167593
3 0.145313 0.525926 0.000000 0.000000
3 0.146354 0.525926 0.000000 0.000000
3 0.146094 0.528704 0.000521 0.000000
3 0.805729 0.604630 0.035417 0.031481
3 0.740625 0.598148 0.000000 0.000000
3 0.742708 0.598148 0.000000 0.000000
3 0.746354 0.600926 0.000000 0.000000
3 0.748437 0.602778 0.000000 0.000000
3 0.748958 0.603704 0.000000 0.000000
3 0.725260 0.606481 0.000521 0.000000
3 0.751042 0.606481 0.000000 0.000000
3 0.723958 0.608796 0.000000 0.000926
3 0.751563 0.608333 0.000000 0.000000
3 0.722917 0.609259 0.000000 0.000000
3 0.723437 0.610185 0.000000 0.000000
3 0.722656 0.611111 0.000521 0.000000
3 0.755208 0.614815 0.000000 0.000000
3 0.719271 0.642593 0.000000 0.000000
3 0.723958 0.646759 0.000000 0.000926
3 0.751563 0.657407 0.000000 0.000000
3 0.750521 0.659259 0.000000 0.000000
3 0.746354 0.662963 0.000000 0.000000
3 0.745833 0.664352 0.000000 0.000926
3 0.732292 0.666667 0.000000 0.000000
3 0.741146 0.666667 0.000000 0.000000
