3 0.485156 0.007870 0.015104 0.015741
3 0.853906 0.025000 0.025521 0.048148
3 0.415104 0.157870 0.020833 0.026852
3 0.330990 0.252778 0.050521 0.062963
3 0.563021 0.271296 0.016667 0.024074
3 0.641146 0.369907 0.039583 0.043519
3 0.901042 0.494444 0.022917 0.048148
3 0.724479 0.550463 0.006250 0.010185
3 0.795312 0.581944 0.007292 0.012037
3 0.568490 0.695370 0.072396 0.096296
3 0.447135 0.725463 0.036979 0.036111
3 0.415625 0.734722 0.004167 0.006481
3 0.908333 0.761574 0.025000 0.026852
3 0.709115 0.990741 0.052604 0.016667
3 0.733854 0.996296 0.005208 0.005556
