3 0.611979 0.016204 0.009375 0.013889
3 0.171615 0.030093 0.004687 0.004630
3 0.508333 0.039352 0.008333 0.015741
3 0.597917 0.136111 0.018750 0.018519
3 0.540885 0.182407 0.034896 0.050000
3 0.566146 0.179167 0.016667 0.015741
3 0.816146 0.207870 0.008333 0.010185
3 0.522656 0.243981 0.003646 0.006481
3 0.855208 0.268981 0.009375 0.012037
3 0.776042 0.285648 0.003125 0.004630
3 0.913281 0.289815 0.002604 0.003704
3 0.597135 0.302778 0.010937 0.018519
3 0.387760 0.388889 0.035937 0.040741
3 0.498958 0.372222 0.004167 0.007407
3 0.933073 0.381944 0.006771 0.010185
3 0.421354 0.400000 0.013542 0.014815
3 0.766146 0.404167 0.003125 0.004630
3 0.913021 0.415741 0.008333 0.014815
3 0.725521 0.415278 0.007292 0.010185
3 0.632812 0.461111 0.003125 0.003704
3 0.130990 0.534722 0.013021 0.012037
3 0.445312 0.531019 0.006250 0.004630
3 0.809375 0.950000 0.003125 0.003704
