3 0.270573 0.040741 0.001563 0.003704
3 0.234896 0.086111 0.003125 0.003704
3 0.697917 0.127315 0.003125 0.004630
3 0.554948 0.183333 0.001563 0.001852
3 0.748698 0.257870 0.001563 0.000926
3 0.437240 0.262963 0.003646 0.005556
3 0.660677 0.285185 0.002604 0.003704
3 0.585938 0.313426 0.005208 0.006481
3 0.401302 0.327315 0.003646 0.004630
3 0.506510 0.353704 0.001563 0.001852
3 0.487240 0.362500 0.002604 0.002778
3 0.715625 0.371759 0.004167 0.004630
3 0.848437 0.393519 0.003125 0.003704
3 0.683073 0.395833 0.003646 0.004630
3 0.718750 0.418056 0.004167 0.004630
3 0.533594 0.421296 0.002604 0.003704
3 0.874479 0.437963 0.002083 0.001852
3 0.682813 0.447222 0.003125 0.003704
3 0.569792 0.462963 0.002083 0.001852
3 0.550000 0.486574 0.001042 0.002778
3 0.837760 0.486111 0.001563 0.001852
3 0.229948 0.487500 0.001563 0.002778
3 0.675000 0.491667 0.003125 0.001852
3 0.703906 0.498148 0.007812 0.003704
3 0.683073 0.500000 0.005729 0.003704
3 0.686719 0.502778 0.001563 0.001852
3 0.683333 0.507407 0.001042 0.001852
3 0.651563 0.513426 0.003125 0.006481
3 0.697396 0.516204 0.007292 0.006481
3 0.522135 0.536574 0.002604 0.004630
3 0.711198 0.559259 0.009896 0.018519
3 0.585938 0.554630 0.003125 0.003704
3 0.741667 0.572222 0.000000 0.000000
3 0.750000 0.581019 0.015625 0.017593
3 0.711198 0.575926 0.004687 0.003704
3 0.745052 0.593056 0.006771 0.006481
3 0.938281 0.594444 0.003646 0.001852
3 0.838281 0.668981 0.006771 0.006481
