3 0.641927 0.015741 0.034896 0.031481
3 0.665365 0.061111 0.031771 0.044444
3 0.521094 0.150000 0.076563 0.088889
3 0.556771 0.238426 0.008333 0.013889
3 0.450260 0.311574 0.008854 0.015741
3 0.034375 0.339352 0.023958 0.030556
3 0.173958 0.390741 0.057292 0.088889
3 0.225260 0.407407 0.031771 0.024074
3 0.599740 0.486574 0.028646 0.030556
3 0.230729 0.510648 0.029167 0.037963
3 0.894792 0.745370 0.007292 0.009259
3 0.907292 0.826852 0.007292 0.011111
3 0.596354 0.901852 0.007292 0.009259
3 0.132031 0.996759 0.015104 0.004630
