3 0.772656 0.048611 0.006771 0.006481
3 0.556771 0.140278 0.007292 0.008333
3 0.541146 0.179630 0.001042 0.001852
3 0.637240 0.191667 0.006771 0.009259
3 0.604427 0.206481 0.003646 0.001852
3 0.271094 0.208796 0.004687 0.004630
3 0.515625 0.244907 0.007292 0.012037
3 0.844531 0.255093 0.005729 0.002778
3 0.715365 0.261111 0.007812 0.011111
3 0.474740 0.311574 0.004687 0.006481
3 0.578646 0.326389 0.002083 0.002778
3 0.611198 0.348148 0.003646 0.005556
3 0.289323 0.361111 0.005729 0.003704
3 0.661198 0.372685 0.005729 0.004630
3 0.682031 0.383796 0.007812 0.006481
3 0.697135 0.412037 0.014063 0.014815
3 0.580729 0.417130 0.013542 0.006481
3 0.475000 0.445370 0.003125 0.003704
3 0.529948 0.445370 0.003646 0.003704
3 0.376563 0.455556 0.011458 0.005556
3 0.489844 0.455556 0.002604 0.001852
3 0.523438 0.475463 0.010417 0.012037
3 0.594010 0.479167 0.002604 0.004630
3 0.544271 0.519444 0.023958 0.038889
3 0.379688 0.558796 0.023958 0.028704
3 0.602865 0.552315 0.014063 0.006481
3 0.719792 0.558796 0.005208 0.008333
3 0.758594 0.562037 0.006771 0.005556
3 0.402865 0.580556 0.011979 0.011111
3 0.454427 0.584722 0.001563 0.002778
3 0.244271 0.687963 0.009375 0.011111
