3 0.719531 0.119907 0.019271 0.030556
3 0.709896 0.108796 0.001042 0.002778
3 0.583073 0.123611 0.019271 0.023148
3 0.723958 0.114815 0.000000 0.000000
3 0.727344 0.126389 0.000521 0.000926
3 0.728125 0.126852 0.000000 0.000000
3 0.821094 0.205556 0.022396 0.027778
3 0.045573 0.288889 0.007812 0.009259
3 0.421615 0.325926 0.022396 0.031481
3 0.318229 0.333796 0.017708 0.025000
3 0.862240 0.500000 0.051562 0.061111
3 0.630729 0.495833 0.017708 0.028704
3 0.478125 0.524074 0.041667 0.040741
3 0.796615 0.568981 0.020313 0.025000
3 0.177083 0.593056 0.035417 0.052778
3 0.188542 0.589815 0.000000 0.000000
3 0.193750 0.596296 0.000000 0.000000
3 0.339062 0.782407 0.009375 0.011111
3 0.538281 0.850000 0.078646 0.114815
3 0.094531 0.831944 0.008854 0.013889
3 0.099479 0.825000 0.000000 0.000000
3 0.690885 0.951389 0.040104 0.043519
