3 0.392188 0.251852 0.000000 0.000000
3 0.398958 0.265741 0.029167 0.025926
3 0.413021 0.258333 0.000000 0.000000
3 0.414583 0.259259 0.000000 0.000000
3 0.413542 0.261111 0.000000 0.000000
3 0.415625 0.261111 0.000000 0.000000
3 0.290365 0.375463 0.018229 0.028704
3 0.208854 0.519444 0.137500 0.242593
3 0.982031 0.559259 0.014063 0.011111
3 0.013542 0.618519 0.027083 0.016667
3 0.991146 0.734722 0.016667 0.006481
3 0.961198 0.808333 0.076563 0.125926
3 0.999479 0.874537 0.000000 0.002778
3 0.916406 0.959259 0.083854 0.079630
3 0.145313 0.974074 0.066667 0.050000
