3 0.698698 0.044907 0.018229 0.023148
3 0.846354 0.061111 0.018750 0.024074
3 0.188802 0.143981 0.015104 0.021296
3 0.636979 0.176852 0.017708 0.018519
3 0.643229 0.179167 0.001042 0.000926
3 0.489583 0.250000 0.014583 0.024074
3 0.614583 0.282870 0.021875 0.030556
3 0.062760 0.274537 0.005729 0.008333
3 0.731250 0.334722 0.016667 0.023148
3 0.905469 0.558796 0.041146 0.050926
3 0.662500 0.701852 0.039583 0.042593
3 0.474740 0.753241 0.006771 0.012037
3 0.325781 0.817593 0.007812 0.016667
3 0.417969 0.852315 0.027604 0.047222
3 0.837500 0.981481 0.033333 0.035185
