3 0.617969 0.085648 0.004687 0.008333
3 0.842969 0.094907 0.004687 0.008333
3 0.394271 0.173148 0.008333 0.012963
3 0.567969 0.170833 0.001563 0.002778
3 0.572656 0.177778 0.005729 0.009259
3 0.642708 0.193519 0.005208 0.007407
3 0.213542 0.238426 0.005208 0.006481
3 0.415885 0.264815 0.009896 0.012963
3 0.476042 0.281944 0.020833 0.028704
3 0.686719 0.283333 0.005729 0.009259
3 0.685677 0.304167 0.005729 0.006481
3 0.494010 0.309259 0.008854 0.011111
3 0.590104 0.312037 0.011458 0.009259
3 0.488281 0.313889 0.002604 0.003704
3 0.698177 0.320833 0.014063 0.013889
3 0.547656 0.323148 0.002604 0.003704
3 0.593750 0.333333 0.021875 0.022222
3 0.510417 0.363889 0.008333 0.007407
3 0.642448 0.366204 0.010937 0.008333
3 0.321615 0.373611 0.004687 0.008333
3 0.309635 0.372685 0.001563 0.002778
3 0.447135 0.399074 0.001563 0.003704
3 0.409375 0.423148 0.002083 0.003704
3 0.547396 0.433796 0.005208 0.006481
3 0.346094 0.455093 0.003646 0.002778
3 0.645312 0.485648 0.004167 0.004630
3 0.495833 0.491204 0.002083 0.004630
3 0.409375 0.505093 0.004167 0.006481
3 0.657292 0.556944 0.005208 0.002778
3 0.583594 0.604167 0.004687 0.008333
3 0.181771 0.698611 0.002083 0.002778
