3 0.700521 0.069444 0.012500 0.009259
3 0.080208 0.476389 0.067708 0.037963
3 0.008594 0.571296 0.017188 0.024074
3 0.966667 0.629630 0.020833 0.020370
3 0.087500 0.744444 0.056250 0.070370
3 0.101302 0.731019 0.000521 0.000926
3 0.100000 0.731481 0.000000 0.000000
3 0.100000 0.733333 0.000000 0.000000
3 0.101042 0.733333 0.000000 0.000000
3 0.098958 0.734722 0.001042 0.000926
3 0.100781 0.735648 0.000521 0.000926
3 0.099479 0.736111 0.000000 0.000000
3 0.100000 0.737037 0.000000 0.000000
3 0.102604 0.744444 0.000000 0.000000
3 0.377604 0.754630 0.016667 0.020370
3 0.308073 0.854167 0.103646 0.173148
3 0.321354 0.821296 0.000000 0.000000
3 0.962500 0.896759 0.070833 0.032407
3 0.500000 0.903241 0.022917 0.026852
