3 0.672917 0.159722 0.214583 0.202778
3 0.630729 0.094444 0.000000 0.000000
3 0.617188 0.100926 0.000000 0.000000
3 0.613021 0.104630 0.000000 0.000000
3 0.612240 0.105556 0.000521 0.000000
3 0.602083 0.121296 0.000000 0.000000
3 0.764583 0.121296 0.000000 0.000000
3 0.598437 0.122222 0.000000 0.000000
3 0.603125 0.122685 0.001042 0.000926
3 0.593750 0.123148 0.000000 0.000000
3 0.596354 0.123148 0.000000 0.000000
3 0.600521 0.123148 0.000000 0.000000
3 0.601562 0.123148 0.000000 0.000000
3 0.608333 0.123148 0.000000 0.000000
3 0.592708 0.124074 0.000000 0.000000
3 0.596875 0.124074 0.000000 0.000000
3 0.598437 0.124074 0.000000 0.000000
3 0.601042 0.124074 0.000000 0.000000
3 0.764583 0.124074 0.000000 0.000000
3 0.594271 0.125000 0.000000 0.000000
3 0.595833 0.125000 0.000000 0.000000
3 0.597917 0.125000 0.000000 0.000000
3 0.600000 0.125000 0.001042 0.000000
3 0.595313 0.125926 0.000000 0.000000
3 0.598958 0.125926 0.000000 0.000000
3 0.601302 0.125926 0.000521 0.000000
3 0.594010 0.127315 0.000521 0.000926
3 0.596354 0.126852 0.000000 0.000000
3 0.597656 0.126852 0.000521 0.000000
3 0.591667 0.127778 0.000000 0.000000
3 0.598437 0.127778 0.000000 0.000000
3 0.600781 0.128241 0.000521 0.000926
3 0.598958 0.129167 0.000000 0.000926
3 0.601562 0.130093 0.001042 0.002778
3 0.603646 0.130556 0.001042 0.003704
3 0.597917 0.129630 0.000000 0.000000
3 0.594271 0.130556 0.000000 0.000000
3 0.598437 0.130556 0.000000 0.000000
3 0.600000 0.131019 0.001042 0.000926
3 0.605208 0.130556 0.000000 0.000000
3 0.595573 0.131944 0.001563 0.000926
3 0.763542 0.131481 0.000000 0.000000
3 0.593490 0.132407 0.000521 0.000000
3 0.596875 0.132407 0.000000 0.000000
3 0.602083 0.132407 0.000000 0.000000
3 0.594271 0.133333 0.000000 0.000000
3 0.595313 0.133333 0.000000 0.000000
3 0.598698 0.134259 0.000521 0.001852
3 0.599479 0.133333 0.000000 0.000000
3 0.601302 0.133333 0.000521 0.000000
3 0.602604 0.133333 0.000000 0.000000
3 0.594792 0.134259 0.000000 0.000000
3 0.597396 0.134259 0.000000 0.000000
3 0.600260 0.134722 0.000521 0.000926
3 0.594271 0.135185 0.000000 0.000000
3 0.601562 0.135185 0.000000 0.000000
3 0.603125 0.135648 0.000000 0.000926
3 0.597396 0.136574 0.001042 0.000926
3 0.601042 0.136111 0.000000 0.000000
3 0.602344 0.137037 0.000521 0.001852
3 0.604427 0.137037 0.000521 0.001852
3 0.606771 0.136574 0.001042 0.000926
3 0.608333 0.137037 0.001042 0.001852
3 0.599479 0.137037 0.000000 0.000000
3 0.612500 0.137037 0.000000 0.000000
3 0.596354 0.137963 0.000000 0.000000
3 0.601562 0.138426 0.001042 0.000926
3 0.610938 0.138426 0.000000 0.000926
3 0.600521 0.138889 0.000000 0.000000
3 0.607292 0.138889 0.000000 0.000000
3 0.609375 0.138889 0.000000 0.000000
3 0.611979 0.138889 0.000000 0.000000
3 0.639062 0.154630 0.000000 0.000000
3 0.635938 0.156019 0.000000 0.000926
3 0.597917 0.156481 0.000000 0.000000
3 0.598958 0.156481 0.000000 0.000000
3 0.598437 0.157407 0.000000 0.000000
3 0.607031 0.157870 0.000521 0.000926
3 0.639062 0.157407 0.000000 0.000000
3 0.706771 0.157407 0.000000 0.000000
3 0.594792 0.158333 0.000000 0.000000
3 0.638021 0.159259 0.001042 0.001852
3 0.640104 0.158333 0.000000 0.000000
3 0.641146 0.158333 0.000000 0.000000
3 0.642188 0.158333 0.000000 0.000000
3 0.745313 0.158333 0.000000 0.000000
3 0.593750 0.159259 0.000000 0.000000
3 0.607812 0.160185 0.000000 0.000000
3 0.639062 0.160185 0.000000 0.000000
3 0.641927 0.161111 0.000521 0.001852
3 0.643750 0.160185 0.000000 0.000000
3 0.640104 0.161111 0.000000 0.000000
3 0.642969 0.161111 0.000521 0.000000
3 0.639062 0.162500 0.001042 0.000926
3 0.608333 0.162963 0.000000 0.000000
3 0.640365 0.163426 0.000521 0.000926
3 0.639062 0.163889 0.000000 0.000000
3 0.641406 0.164352 0.000521 0.000926
3 0.643490 0.164352 0.000521 0.000926
3 0.640104 0.164815 0.000000 0.000000
3 0.644792 0.164815 0.000000 0.000000
3 0.639323 0.165741 0.000521 0.000000
3 0.642708 0.165741 0.000000 0.000000
3 0.643229 0.166667 0.000000 0.000000
3 0.642708 0.167593 0.000000 0.000000
3 0.643750 0.167593 0.000000 0.000000
3 0.639062 0.168519 0.000000 0.000000
3 0.641667 0.168519 0.000000 0.000000
3 0.609375 0.169444 0.000000 0.000000
3 0.643229 0.169444 0.000000 0.000000
3 0.580208 0.170370 0.000000 0.000000
3 0.642708 0.171759 0.001042 0.000926
3 0.643229 0.173148 0.000000 0.000000
3 0.643750 0.174074 0.000000 0.000000
3 0.638542 0.178704 0.000000 0.000000
3 0.641667 0.178704 0.000000 0.000000
3 0.639062 0.179630 0.000000 0.000000
3 0.640365 0.179630 0.000521 0.000000
3 0.631250 0.183333 0.000000 0.000000
3 0.636458 0.183333 0.000000 0.000000
3 0.630208 0.184259 0.000000 0.000000
3 0.575521 0.215741 0.000000 0.000000
3 0.589583 0.218519 0.000000 0.000000
3 0.014323 0.758333 0.028646 0.040741
