3 0.704688 0.053241 0.003125 0.004630
3 0.595052 0.077778 0.001563 0.003704
3 0.822656 0.078241 0.001563 0.002778
3 0.603906 0.110648 0.001563 0.002778
3 0.781510 0.183333 0.002604 0.005556
3 0.632292 0.203241 0.003125 0.004630
3 0.617448 0.237500 0.003646 0.006481
3 0.658854 0.254630 0.003125 0.005556
3 0.617188 0.259259 0.001042 0.001852
3 0.700260 0.285185 0.003646 0.005556
3 0.560937 0.311111 0.012500 0.018519
3 0.528125 0.308796 0.006250 0.008333
3 0.585677 0.316667 0.004687 0.007407
3 0.413542 0.320833 0.003125 0.002778
3 0.684115 0.326389 0.003646 0.004630
3 0.710156 0.331019 0.008854 0.010185
3 0.574219 0.329630 0.005729 0.005556
3 0.602344 0.334259 0.001563 0.001852
3 0.642188 0.343981 0.019792 0.017593
3 0.677865 0.350463 0.006771 0.006481
3 0.603385 0.392593 0.004687 0.003704
3 0.474479 0.394907 0.002083 0.004630
3 0.553646 0.400000 0.001042 0.001852
3 0.471094 0.404630 0.000521 0.001852
3 0.532813 0.407407 0.001042 0.001852
3 0.603646 0.421296 0.003125 0.003704
3 0.668490 0.439815 0.002604 0.001852
3 0.582292 0.449537 0.001042 0.002778
3 0.494792 0.450926 0.002083 0.001852
3 0.535677 0.464352 0.002604 0.004630
3 0.676042 0.478241 0.003125 0.000926
3 0.631510 0.516667 0.002604 0.005556
3 0.408854 0.591667 0.001042 0.001852
