3 0.885677 0.034722 0.013021 0.012037
3 0.543229 0.092130 0.005208 0.004630
3 0.458333 0.170833 0.017708 0.025000
3 0.737760 0.210648 0.004687 0.006481
3 0.684375 0.220370 0.015625 0.024074
3 0.422917 0.320370 0.014583 0.020370
3 0.240625 0.371759 0.021875 0.021296
3 0.522656 0.412963 0.021354 0.033333
3 0.993750 0.426389 0.011458 0.015741
3 0.404167 0.433333 0.006250 0.005556
3 0.579167 0.528241 0.030208 0.030556
3 0.786719 0.529167 0.016146 0.023148
3 0.487240 0.543519 0.006771 0.007407
3 0.212760 0.718056 0.042188 0.075000
3 0.737760 0.699074 0.017188 0.014815
3 0.987240 0.704630 0.015104 0.022222
3 0.486719 0.754630 0.054688 0.092593
3 0.247917 0.780093 0.022917 0.032407
3 0.742188 0.800463 0.038542 0.050926
3 0.565365 0.937500 0.026562 0.037963
