3 0.630729 0.002778 0.007292 0.005556
3 0.738021 0.116204 0.075000 0.097222
3 0.630990 0.103704 0.005729 0.012963
3 0.249740 0.122685 0.011979 0.015741
3 0.815885 0.163426 0.013021 0.015741
3 0.808333 0.158333 0.000000 0.000000
3 0.321615 0.173148 0.007812 0.011111
3 0.735156 0.218981 0.031771 0.025000
3 0.756510 0.239815 0.028646 0.046296
3 0.528385 0.240278 0.021354 0.032407
3 0.220052 0.238889 0.004687 0.011111
3 0.825000 0.392130 0.073958 0.069444
3 0.897917 0.372222 0.029167 0.029630
3 0.897396 0.502778 0.027083 0.018519
3 0.270313 0.556481 0.011458 0.016667
3 0.276562 0.550000 0.000000 0.000000
3 0.507031 0.595370 0.009896 0.009259
