3 0.541146 0.037037 0.002083 0.003704
3 0.574740 0.045370 0.001563 0.003704
3 0.829688 0.079630 0.002083 0.003704
3 0.614323 0.156019 0.003646 0.006481
3 0.790365 0.166204 0.003646 0.006481
3 0.447135 0.214815 0.005729 0.011111
3 0.578385 0.230556 0.004687 0.007407
3 0.572917 0.228704 0.001042 0.001852
3 0.638802 0.232870 0.003646 0.006481
3 0.299740 0.276852 0.003646 0.003704
3 0.459375 0.293981 0.007292 0.010185
3 0.507552 0.304630 0.016146 0.022222
3 0.666927 0.307870 0.004687 0.006481
3 0.520833 0.325463 0.007292 0.008333
3 0.666927 0.329630 0.004687 0.005556
3 0.595313 0.341204 0.015625 0.025000
3 0.676823 0.337500 0.010937 0.010185
3 0.510156 0.335648 0.001563 0.002778
3 0.558854 0.335648 0.002083 0.002778
3 0.633854 0.370833 0.008333 0.006481
3 0.530729 0.372222 0.006250 0.005556
3 0.378906 0.386574 0.003646 0.006481
3 0.364844 0.390741 0.001563 0.001852
3 0.478385 0.405093 0.001563 0.002778
3 0.450260 0.419444 0.001563 0.001852
3 0.562500 0.425926 0.004167 0.005556
3 0.392969 0.458796 0.002604 0.002778
3 0.519531 0.476389 0.001563 0.002778
3 0.634635 0.477778 0.003646 0.003704
3 0.447396 0.493056 0.003125 0.004630
3 0.647917 0.521759 0.004167 0.002778
3 0.586458 0.568981 0.004167 0.006481
3 0.265885 0.644907 0.001563 0.002778
