3 0.575000 0.011111 0.006250 0.009259
3 0.635156 0.072222 0.006771 0.009259
3 0.540365 0.111111 0.006771 0.011111
3 0.708073 0.180093 0.006771 0.010185
3 0.449740 0.233333 0.001563 0.001852
3 0.704427 0.262037 0.015104 0.014815
3 0.666667 0.279167 0.007292 0.006481
3 0.778125 0.279630 0.005208 0.003704
3 0.509635 0.282407 0.003646 0.001852
3 0.585938 0.282407 0.000000 0.000000
3 0.584375 0.286111 0.013542 0.007407
3 0.235937 0.289815 0.005208 0.003704
3 0.475000 0.304630 0.003125 0.003704
3 0.409635 0.307407 0.004687 0.007407
3 0.525781 0.305556 0.002604 0.003704
3 0.531250 0.306481 0.003125 0.003704
3 0.370573 0.312500 0.011979 0.010185
3 0.557292 0.360648 0.022917 0.028704
3 0.611198 0.350926 0.005729 0.005556
3 0.560417 0.350000 0.000000 0.000000
3 0.394531 0.367130 0.024479 0.032407
3 0.513542 0.370370 0.010417 0.009259
3 0.621615 0.373148 0.014063 0.005556
3 0.536198 0.381944 0.003646 0.006481
3 0.420312 0.393056 0.011458 0.010185
3 0.425000 0.389815 0.000000 0.000000
3 0.444010 0.391204 0.002604 0.002778
3 0.367708 0.429167 0.010417 0.010185
3 0.553385 0.431481 0.002604 0.003704
3 0.720052 0.487037 0.005729 0.003704
3 0.664583 0.538426 0.005208 0.008333
3 0.347917 0.636574 0.002083 0.002778
