3 0.483073 0.035185 0.002604 0.003704
3 0.316146 0.059722 0.003125 0.004630
3 0.536979 0.176852 0.005208 0.007407
3 0.601562 0.185185 0.005208 0.009259
3 0.521354 0.191204 0.005208 0.010185
3 0.680469 0.194907 0.005729 0.010185
3 0.647656 0.206944 0.001563 0.002778
3 0.652083 0.277778 0.013542 0.020370
3 0.641927 0.303241 0.006771 0.008333
3 0.564583 0.361574 0.014583 0.015741
3 0.569792 0.376389 0.012500 0.013889
3 0.517188 0.403704 0.031250 0.035185
3 0.803385 0.419444 0.004687 0.003704
3 0.475781 0.425000 0.002604 0.003704
3 0.390104 0.440278 0.027083 0.028704
3 0.405990 0.456481 0.010937 0.007407
3 0.343229 0.462037 0.008333 0.011111
3 0.526302 0.486111 0.008854 0.007407
3 0.642708 0.487037 0.005208 0.005556
3 0.583073 0.495370 0.001563 0.001852
3 0.349479 0.515741 0.004167 0.001852
3 0.558333 0.517130 0.001042 0.000926
3 0.728906 0.535648 0.005729 0.004630
3 0.496615 0.538426 0.003646 0.006481
3 0.495833 0.546759 0.002083 0.002778
3 0.613021 0.551389 0.003125 0.000926
3 0.598437 0.559259 0.002083 0.003704
3 0.615885 0.575463 0.003646 0.006481
3 0.702865 0.621759 0.004687 0.008333
3 0.483073 0.839815 0.001563 0.001852
