3 0.794010 0.332407 0.082812 0.079630
3 0.394271 0.478704 0.012500 0.027778
3 0.581250 0.502315 0.060417 0.054630
3 0.241927 0.528241 0.027604 0.041667
3 0.236458 0.516667 0.001042 0.000000
3 0.233333 0.519444 0.000000 0.000000
3 0.234375 0.536111 0.000000 0.000000
3 0.233854 0.537037 0.000000 0.000000
3 0.234896 0.537963 0.000000 0.000000
3 0.235677 0.538889 0.000521 0.000000
3 0.234896 0.539815 0.000000 0.000000
3 0.237500 0.542593 0.000000 0.000000
3 0.238802 0.544444 0.000521 0.000000
3 0.498437 0.899537 0.094792 0.063889
3 0.450000 0.900000 0.000000 0.000000
3 0.450521 0.900926 0.000000 0.000000
3 0.147917 0.996759 0.006250 0.004630
