3 0.835938 0.020370 0.011458 0.014815
3 0.372135 0.048148 0.011979 0.018519
3 0.708594 0.087037 0.011979 0.022222
3 0.905990 0.092593 0.004687 0.007407
3 0.447135 0.130093 0.010937 0.015741
3 0.500521 0.150463 0.016667 0.028704
3 0.924479 0.157407 0.014583 0.018519
3 0.426823 0.247685 0.038021 0.060185
3 0.389583 0.252315 0.016667 0.023148
3 0.980469 0.248148 0.008854 0.011111
3 0.829427 0.267130 0.003646 0.006481
3 0.603125 0.307870 0.008333 0.025000
3 0.469531 0.346296 0.002604 0.007407
3 0.169271 0.392130 0.004167 0.004630
3 0.777344 0.418981 0.004687 0.006481
3 0.525260 0.471296 0.004687 0.007407
3 0.505208 0.537963 0.015625 0.016667
3 0.398958 0.579167 0.035417 0.041667
3 0.726302 0.582870 0.006771 0.008333
3 0.226562 0.852778 0.011458 0.011111
