3 0.403125 0.043056 0.014583 0.019444
3 0.428646 0.038889 0.008333 0.011111
3 0.730208 0.057870 0.004167 0.004630
3 0.215625 0.063426 0.009375 0.012037
3 0.027083 0.073611 0.006250 0.008333
3 0.297656 0.159722 0.009896 0.008333
3 0.229687 0.194907 0.012500 0.017593
3 0.389062 0.223148 0.017708 0.012963
3 0.502865 0.226389 0.002604 0.002778
3 0.471615 0.230556 0.003646 0.003704
3 0.512760 0.247685 0.014063 0.019444
3 0.233073 0.252315 0.019271 0.021296
3 0.646354 0.257870 0.013542 0.010185
3 0.117188 0.268981 0.003125 0.002778
3 0.498958 0.272685 0.003125 0.004630
3 0.402865 0.386111 0.032813 0.046296
3 0.326562 0.417130 0.014583 0.010185
3 0.557292 0.429167 0.026042 0.034259
3 0.533854 0.451852 0.011458 0.014815
3 0.505208 0.579630 0.008333 0.009259
