3 0.367969 0.005093 0.011979 0.010185
3 0.321615 0.185185 0.005729 0.009259
3 0.090365 0.188889 0.005729 0.005556
3 0.752865 0.192130 0.014063 0.010185
3 0.285677 0.234259 0.005729 0.009259
3 0.145833 0.269907 0.025000 0.012037
3 0.444531 0.275000 0.006771 0.007407
3 0.628906 0.367593 0.023438 0.011111
3 0.866667 0.391204 0.036458 0.025000
3 0.460417 0.411574 0.011458 0.015741
3 0.659896 0.454167 0.012500 0.013889
3 0.429688 0.482407 0.023958 0.024074
3 0.317188 0.575000 0.054167 0.062963
3 0.610677 0.608333 0.060937 0.062963
3 0.368750 0.625000 0.023958 0.025926
3 0.751302 0.626852 0.028646 0.009259
3 0.449479 0.921759 0.018750 0.017593
