3 0.393750 0.041667 0.002083 0.003704
3 0.472656 0.066204 0.006771 0.010185
3 0.456771 0.079630 0.005208 0.007407
3 0.436198 0.119444 0.004687 0.003704
3 0.421875 0.154167 0.005208 0.008333
3 0.880990 0.154630 0.003646 0.003704
3 0.472917 0.174537 0.006250 0.008333
3 0.798698 0.186111 0.001563 0.001852
3 0.420052 0.196296 0.013021 0.016667
3 0.669271 0.218519 0.005208 0.005556
3 0.669271 0.246759 0.002083 0.002778
3 0.782292 0.251852 0.004167 0.005556
3 0.270833 0.260648 0.002083 0.002778
3 0.634115 0.269907 0.005729 0.008333
3 0.445833 0.284259 0.009375 0.011111
3 0.667188 0.316667 0.004167 0.005556
3 0.716146 0.318519 0.006250 0.009259
3 0.459115 0.318519 0.001563 0.003704
3 0.635417 0.333333 0.002083 0.001852
3 0.392708 0.341204 0.007292 0.010185
3 0.454167 0.348148 0.002083 0.003704
3 0.399740 0.373611 0.017188 0.028704
3 0.486979 0.376389 0.004167 0.012037
3 0.577604 0.388426 0.002083 0.002778
3 0.438281 0.408333 0.007812 0.007407
3 0.526042 0.423148 0.003125 0.003704
3 0.380990 0.452315 0.018229 0.021296
3 0.309896 0.525463 0.007292 0.006481
3 0.765885 0.581481 0.001563 0.001852
