3 0.330990 0.064352 0.031771 0.045370
3 0.437760 0.101852 0.002604 0.007407
3 0.133594 0.114352 0.003646 0.006481
3 0.767969 0.131481 0.003646 0.005556
3 0.720833 0.132870 0.003125 0.006481
3 0.473958 0.153704 0.008333 0.024074
3 0.957812 0.173611 0.007292 0.010185
3 0.460417 0.188889 0.003125 0.007407
3 0.305469 0.325000 0.030729 0.057407
3 0.998958 0.299074 0.001042 0.005556
3 0.629427 0.330556 0.003646 0.005556
3 0.182812 0.354630 0.012500 0.016667
3 0.403646 0.362963 0.013542 0.020370
3 0.789323 0.406944 0.006771 0.010185
3 0.564844 0.627315 0.005729 0.008333
