3 0.280729 0.005093 0.003125 0.008333
3 0.237500 0.105093 0.006250 0.006481
3 0.877604 0.205093 0.003125 0.004630
3 0.610677 0.293981 0.006771 0.010185
3 0.623698 0.342130 0.006771 0.010185
3 0.753385 0.374074 0.005729 0.007407
3 0.615625 0.386111 0.006250 0.009259
3 0.678906 0.400000 0.007812 0.007407
3 0.654948 0.404630 0.010937 0.014815
3 0.475000 0.418056 0.005208 0.008333
3 0.365885 0.467130 0.005729 0.010185
3 0.381771 0.478241 0.005208 0.008333
3 0.645052 0.480093 0.007812 0.012037
3 0.633073 0.526389 0.008854 0.017593
3 0.676302 0.534722 0.006771 0.013889
3 0.273438 0.581481 0.002083 0.005556
3 0.673177 0.606481 0.020313 0.038889
3 0.045052 0.595833 0.008854 0.012037
3 0.392448 0.595833 0.001563 0.004630
3 0.606510 0.619907 0.001563 0.004630
3 0.581250 0.643519 0.006250 0.016667
3 0.577083 0.681481 0.003125 0.005556
3 0.927083 0.681944 0.005208 0.006481
3 0.690885 0.776389 0.008854 0.015741
3 0.429167 0.775000 0.003125 0.005556
3 0.698958 0.808796 0.023958 0.036111
3 0.757812 0.805093 0.008333 0.012037
3 0.630990 0.861574 0.013021 0.023148
3 0.080469 0.955556 0.009896 0.018519
