3 0.702604 0.007870 0.012500 0.015741
3 0.707292 0.000000 0.000000 0.000000
3 0.641667 0.041204 0.023958 0.039815
3 0.481250 0.074537 0.023958 0.043519
3 0.755729 0.065278 0.007292 0.012037
3 0.671615 0.071759 0.013021 0.017593
3 0.505729 0.079167 0.011458 0.010185
3 0.621615 0.118981 0.003646 0.004630
3 0.565104 0.122222 0.003125 0.005556
3 0.733854 0.170370 0.002083 0.003704
3 0.464583 0.179167 0.012500 0.019444
3 0.611198 0.224074 0.009896 0.009259
3 0.850260 0.350463 0.006771 0.006481
3 0.918229 0.415278 0.006250 0.006481
3 0.551562 0.417130 0.003125 0.004630
3 0.733854 0.425926 0.006250 0.009259
3 0.342969 0.433796 0.005729 0.006481
3 0.671875 0.452315 0.003125 0.004630
3 0.642969 0.455556 0.002604 0.003704
3 0.809896 0.552778 0.006250 0.011111
3 0.526823 0.568981 0.004687 0.008333
3 0.670573 0.662500 0.004687 0.008333
3 0.578906 0.683333 0.001563 0.001852
3 0.649479 0.760185 0.004167 0.003704
