3 0.691406 0.150463 0.023438 0.023148
3 0.352083 0.192593 0.020833 0.025926
3 0.663021 0.348611 0.068750 0.075000
3 0.661458 0.326852 0.000000 0.000000
3 0.635938 0.328704 0.000000 0.000000
3 0.636979 0.329630 0.000000 0.000000
3 0.637500 0.336111 0.000000 0.000000
3 0.642188 0.341667 0.000000 0.000000
3 0.686458 0.348148 0.000000 0.000000
3 0.641667 0.350000 0.000000 0.000000
3 0.692187 0.358333 0.000000 0.000000
3 0.677604 0.382407 0.000000 0.000000
3 0.636979 0.383333 0.000000 0.000000
3 0.105990 0.402778 0.011979 0.014815
3 0.805469 0.860648 0.163021 0.230556
