3 0.356250 0.009259 0.014583 0.018519
3 0.364063 0.005556 0.000000 0.000000
3 0.981250 0.130093 0.005208 0.010185
3 0.329948 0.140278 0.018229 0.021296
3 0.610417 0.183796 0.020833 0.032407
3 0.101302 0.261111 0.044271 0.046296
3 0.955208 0.281019 0.007292 0.008333
3 0.360156 0.323611 0.025521 0.028704
3 0.234115 0.363426 0.003646 0.006481
3 0.471875 0.375000 0.005208 0.009259
3 0.457292 0.423148 0.005208 0.011111
3 0.573698 0.448148 0.020313 0.033333
3 0.613802 0.510185 0.020313 0.018519
3 0.305208 0.611574 0.054167 0.082407
3 0.190104 0.623148 0.031250 0.020370
3 0.439063 0.737963 0.043750 0.051852
3 0.415365 0.765278 0.015104 0.025000
3 0.283333 0.974537 0.011458 0.013889
