3 0.722656 0.004630 0.011979 0.009259
3 0.515625 0.010648 0.010417 0.019444
3 0.613802 0.171759 0.033854 0.034259
3 0.551302 0.193519 0.052604 0.062963
3 0.507031 0.275463 0.005729 0.008333
3 0.303906 0.368519 0.057813 0.055556
3 0.550000 0.411111 0.015625 0.018519
3 0.439323 0.412500 0.005729 0.008333
3 0.811458 0.421296 0.010417 0.012963
3 0.304427 0.438889 0.019271 0.022222
3 0.948438 0.448611 0.012500 0.012037
3 0.690625 0.540741 0.004167 0.005556
3 0.716927 0.634259 0.004687 0.007407
3 0.526823 0.663426 0.004687 0.004630
3 0.710417 0.681019 0.003125 0.004630
3 0.229687 0.691204 0.009375 0.004630
3 0.557552 0.697222 0.007812 0.012963
3 0.934896 0.699537 0.010417 0.017593
3 0.801823 0.744444 0.007812 0.012963
3 0.838021 0.743981 0.007292 0.004630
