3 0.951042 0.005093 0.013542 0.010185
3 0.372917 0.022222 0.039583 0.040741
3 0.862500 0.075926 0.010417 0.012963
3 0.411719 0.157870 0.024479 0.023148
3 0.401562 0.248611 0.004167 0.008333
3 0.820573 0.293981 0.004687 0.008333
3 0.502865 0.300926 0.007812 0.007407
3 0.374479 0.305556 0.006250 0.009259
3 0.491667 0.329630 0.014583 0.025926
3 0.913021 0.326389 0.015625 0.017593
3 0.659635 0.331944 0.005729 0.004630
3 0.307031 0.376389 0.053646 0.075000
3 0.319531 0.371296 0.000521 0.000000
3 0.191927 0.530093 0.047396 0.050926
3 0.198177 0.556944 0.019271 0.021296
