3 0.940625 0.078704 0.021875 0.059259
3 0.929167 0.109259 0.000000 0.000000
3 0.935937 0.175926 0.066667 0.105556
3 0.950000 0.178241 0.001042 0.000926
3 0.948698 0.181019 0.000521 0.000926
3 0.950000 0.180556 0.000000 0.000000
3 0.946875 0.182870 0.002083 0.000926
3 0.948958 0.182407 0.000000 0.000000
3 0.945573 0.185185 0.000521 0.000000
3 0.944792 0.186111 0.000000 0.000000
3 0.946354 0.186111 0.000000 0.000000
3 0.945312 0.187500 0.000000 0.000926
3 0.933333 0.201852 0.000000 0.000000
3 0.932292 0.203704 0.000000 0.000000
3 0.933594 0.204167 0.000521 0.000926
3 0.931250 0.206481 0.000000 0.001852
3 0.932292 0.206019 0.000000 0.000926
3 0.930208 0.206481 0.000000 0.000000
3 0.770573 0.481019 0.114062 0.152778
