3 0.528646 0.102778 0.001042 0.001852
3 0.737500 0.120370 0.003125 0.005556
3 0.311458 0.131019 0.001042 0.000926
3 0.558594 0.150926 0.001563 0.001852
3 0.337760 0.153241 0.002604 0.000926
3 0.893490 0.214815 0.005729 0.007407
3 0.340625 0.266667 0.000000 0.000000
3 0.341146 0.268981 0.003125 0.004630
3 0.568750 0.283796 0.003125 0.004630
3 0.410938 0.302778 0.003125 0.003704
3 0.599479 0.304167 0.003125 0.004630
3 0.563281 0.307407 0.003646 0.005556
3 0.281250 0.316667 0.004167 0.003704
3 0.445312 0.315741 0.001042 0.001852
3 0.544531 0.334259 0.001563 0.001852
3 0.502865 0.359722 0.003646 0.002778
3 0.633594 0.364352 0.003646 0.004630
3 0.808594 0.375926 0.001563 0.001852
3 0.423438 0.410648 0.001042 0.000926
3 0.611979 0.415278 0.004167 0.002778
3 0.481510 0.423148 0.001563 0.001852
3 0.505469 0.433333 0.001563 0.001852
3 0.530990 0.437037 0.001563 0.001852
3 0.445573 0.438426 0.006771 0.002778
3 0.573958 0.451389 0.007292 0.002778
3 0.251563 0.456481 0.001042 0.001852
3 0.644010 0.461111 0.009896 0.007407
3 0.528646 0.469907 0.003125 0.004630
3 0.516667 0.476389 0.006250 0.006481
3 0.584115 0.486111 0.003646 0.003704
3 0.572396 0.522222 0.013542 0.020370
3 0.493750 0.525000 0.014583 0.018519
3 0.610938 0.531481 0.007292 0.003704
3 0.507812 0.538889 0.006250 0.007407
3 0.530990 0.625000 0.004687 0.005556
