3 0.478385 0.499537 0.583854 0.999074
3 0.323437 0.023148 0.000000 0.000000
3 0.263542 0.182407 0.000000 0.000000
3 0.730208 0.402778 0.000000 0.000000
3 0.664062 0.512037 0.000000 0.000000
3 0.303125 0.592593 0.000000 0.000000
3 0.203646 0.672222 0.000000 0.000000
3 0.514583 0.700000 0.000000 0.000000
3 0.565625 0.837963 0.000000 0.000000
3 0.577083 0.929630 0.000000 0.000000
3 0.542708 0.941667 0.000000 0.000000
3 0.541146 0.954630 0.000000 0.000000
3 0.565625 0.991667 0.000000 0.000000
3 0.565104 0.993519 0.000000 0.000000
3 0.564583 0.996296 0.000000 0.000000
