3 0.764323 0.025926 0.020313 0.016667
3 0.186719 0.314815 0.009896 0.007407
3 0.788281 0.359722 0.041146 0.026852
3 0.549479 0.401852 0.010417 0.014815
3 0.419010 0.421296 0.000521 0.000000
3 0.412500 0.428704 0.011458 0.012963
3 0.497135 0.480093 0.033854 0.043519
3 0.021354 0.479630 0.042708 0.018519
3 0.596094 0.495370 0.011979 0.012963
3 0.952344 0.649074 0.018229 0.025926
3 0.745313 0.724537 0.103125 0.136111
3 0.961458 0.868519 0.046875 0.027778
3 0.192448 0.921296 0.085938 0.105556
3 0.282552 0.983796 0.043229 0.030556
