3 0.435677 0.086574 0.003646 0.002778
3 0.663281 0.192130 0.008854 0.006481
3 0.024740 0.217130 0.015104 0.010185
3 0.442708 0.261574 0.005208 0.008333
3 0.588542 0.282870 0.018750 0.010185
3 0.298177 0.287500 0.011979 0.017593
3 0.330729 0.291204 0.006250 0.006481
3 0.195052 0.350926 0.027604 0.009259
3 0.012500 0.371296 0.025000 0.018519
3 0.484896 0.468056 0.033333 0.039815
3 0.331510 0.462037 0.021354 0.020370
3 0.260677 0.511574 0.046354 0.039815
3 0.284375 0.491667 0.000000 0.000000
3 0.448698 0.506481 0.016146 0.016667
3 0.162760 0.528704 0.020313 0.007407
3 0.436458 0.615278 0.010417 0.010185
