3 0.259375 0.036111 0.003125 0.003704
3 0.178646 0.069444 0.004167 0.003704
3 0.100000 0.100000 0.010417 0.025926
3 0.117448 0.116667 0.005729 0.009259
3 0.190365 0.156019 0.006771 0.010185
3 0.305729 0.181481 0.027083 0.044444
3 0.465104 0.166667 0.003125 0.003704
3 0.213021 0.190278 0.007292 0.012037
3 0.176823 0.206019 0.002604 0.004630
3 0.555990 0.211111 0.010937 0.014815
3 0.294010 0.229167 0.014063 0.023148
3 0.127344 0.254167 0.014063 0.025000
3 0.157552 0.284259 0.006771 0.012963
3 0.180208 0.328241 0.020833 0.049074
3 0.105990 0.382407 0.007812 0.011111
3 0.002344 0.417130 0.004687 0.008333
3 0.126042 0.440278 0.008333 0.010185
3 0.167448 0.448148 0.013021 0.022222
3 0.116927 0.464352 0.017188 0.026852
3 0.340625 0.700000 0.005208 0.009259
3 0.355990 0.704167 0.002604 0.002778
