3 0.705208 0.000000 0.001042 0.000000
3 0.383854 0.037963 0.011458 0.016667
3 0.384896 0.036111 0.000000 0.000000
3 0.517188 0.055093 0.012500 0.021296
3 0.250000 0.090741 0.017708 0.018519
3 0.787500 0.137037 0.000000 0.000000
3 0.790104 0.183333 0.000000 0.000000
3 0.924219 0.193056 0.009896 0.013889
3 0.466406 0.218981 0.015104 0.028704
3 0.342448 0.233796 0.005729 0.004630
3 0.466146 0.233333 0.000000 0.000000
3 0.425000 0.251389 0.005208 0.006481
3 0.638281 0.314352 0.011979 0.017593
3 0.476562 0.321296 0.025000 0.027778
3 0.608073 0.357870 0.011979 0.010185
3 0.200260 0.387500 0.034896 0.060185
3 0.864323 0.419444 0.011979 0.016667
3 0.227083 0.446759 0.018750 0.026852
3 0.387500 0.499074 0.036458 0.072222
3 0.559375 0.551389 0.031250 0.039815
3 0.440365 0.642130 0.021354 0.028704
3 0.095312 0.669907 0.014583 0.015741
3 0.188281 0.936111 0.021354 0.033333
