3 0.092188 0.003704 0.010417 0.007407
3 0.198177 0.006019 0.009896 0.012037
3 0.315104 0.013426 0.018750 0.026852
3 0.248438 0.023611 0.010417 0.015741
3 0.175260 0.085648 0.020313 0.028704
3 0.403646 0.143981 0.005208 0.004630
3 0.281250 0.191204 0.005208 0.004630
3 0.528646 0.202778 0.018750 0.024074
3 0.017448 0.203704 0.011979 0.014815
3 0.191406 0.274537 0.046354 0.065741
3 0.103125 0.371759 0.020833 0.023148
3 0.429688 0.451389 0.035417 0.062037
3 0.396875 0.473611 0.017708 0.025000
3 0.589844 0.843981 0.011979 0.013889
