3 0.532031 0.091204 0.014063 0.023148
3 0.453125 0.091204 0.004167 0.008333
3 0.522396 0.110185 0.011458 0.012963
3 0.379948 0.161574 0.031771 0.045370
3 0.492448 0.220833 0.013021 0.019444
3 0.542448 0.370833 0.027604 0.039815
3 0.621094 0.468981 0.003646 0.008333
3 0.707812 0.537963 0.015625 0.037037
3 0.402083 0.535648 0.025000 0.030556
3 0.610938 0.568519 0.005208 0.009259
3 0.472135 0.618981 0.058854 0.086111
3 0.293750 0.688889 0.004167 0.007407
3 0.688802 0.776389 0.019271 0.025000
3 0.535677 0.921759 0.042188 0.054630
