3 0.389323 0.076852 0.003646 0.005556
3 0.317448 0.093981 0.002604 0.002778
3 0.395313 0.226389 0.002083 0.000926
3 0.266406 0.252315 0.005729 0.004630
3 0.466406 0.252315 0.002604 0.002778
3 0.233854 0.256019 0.005208 0.006481
3 0.286979 0.286111 0.005208 0.009259
3 0.215625 0.298611 0.005208 0.006481
3 0.480729 0.324537 0.002083 0.002778
3 0.227604 0.376852 0.005208 0.005556
3 0.268229 0.398148 0.011458 0.011111
3 0.267969 0.448148 0.009896 0.007407
3 0.267188 0.474074 0.002083 0.003704
3 0.309115 0.487963 0.007812 0.007407
3 0.282552 0.498611 0.002604 0.004630
3 0.317969 0.511574 0.016146 0.023148
3 0.097917 0.510185 0.006250 0.005556
3 0.243750 0.545370 0.006250 0.011111
3 0.328646 0.561111 0.010417 0.011111
3 0.376823 0.575926 0.022396 0.024074
3 0.039062 0.571296 0.002083 0.003704
3 0.431771 0.610648 0.006250 0.006481
3 0.107813 0.625926 0.004167 0.003704
3 0.195052 0.731944 0.010937 0.008333
