3 0.496354 0.047222 0.016667 0.022222
3 0.578385 0.067593 0.021354 0.033333
3 0.377344 0.102778 0.022396 0.031481
3 0.733333 0.227315 0.021875 0.030556
3 0.233333 0.279630 0.022917 0.031481
3 0.717969 0.341667 0.018229 0.029630
3 0.102344 0.394907 0.034896 0.049074
3 0.363802 0.434722 0.045312 0.049074
3 0.767708 0.547222 0.051042 0.070370
3 0.713021 0.560648 0.022917 0.025000
3 0.188021 0.636111 0.010417 0.009259
3 0.192969 0.631481 0.000521 0.000000
3 0.349740 0.815741 0.070312 0.135185
3 0.535937 0.954167 0.039583 0.047222
