3 0.545312 0.062500 0.008333 0.013889
3 0.471615 0.082870 0.008854 0.008333
3 0.636719 0.087500 0.008854 0.015741
3 0.427604 0.119444 0.008333 0.014815
3 0.105729 0.123148 0.004167 0.005556
3 0.567969 0.225926 0.024479 0.029630
3 0.604167 0.259722 0.009375 0.013889
3 0.499740 0.366667 0.019271 0.020370
3 0.464583 0.426852 0.017708 0.016667
3 0.406250 0.445833 0.005208 0.006481
3 0.419271 0.475926 0.040625 0.046296
3 0.765104 0.459259 0.008333 0.009259
3 0.772396 0.477778 0.003125 0.003704
3 0.698958 0.487500 0.003125 0.004630
3 0.890885 0.500000 0.005729 0.003704
3 0.818490 0.530093 0.008854 0.010185
3 0.492708 0.545833 0.012500 0.017593
3 0.323437 0.555093 0.013542 0.013889
3 0.268750 0.584722 0.029167 0.041667
3 0.611198 0.583796 0.006771 0.010185
3 0.819792 0.587500 0.006250 0.010185
3 0.288802 0.600463 0.016146 0.012037
3 0.684115 0.603704 0.003646 0.005556
3 0.539844 0.643519 0.003646 0.003704
3 0.335938 0.647685 0.006250 0.004630
3 0.171875 0.655556 0.013542 0.012963
3 0.858854 0.663889 0.008333 0.014815
