3 0.060417 0.001389 0.001042 0.002778
3 0.066146 0.004630 0.007292 0.009259
3 0.591406 0.025463 0.045312 0.050926
3 0.949219 0.023148 0.011979 0.016667
3 0.625260 0.088889 0.018229 0.025926
3 0.680729 0.094444 0.005208 0.009259
3 0.759375 0.103241 0.019792 0.017593
3 0.004427 0.121296 0.007812 0.009259
3 0.361979 0.141667 0.004167 0.007407
3 0.779687 0.174074 0.045833 0.050000
3 0.888281 0.158796 0.010937 0.013889
3 0.967448 0.171296 0.029687 0.027778
3 0.585938 0.174074 0.018750 0.020370
3 0.327865 0.190741 0.004687 0.007407
3 0.882812 0.255093 0.023958 0.015741
3 0.541667 0.294907 0.010417 0.013889
3 0.231771 0.303704 0.008333 0.012963
3 0.691927 0.370833 0.008854 0.012037
3 0.469792 0.370833 0.005208 0.010185
3 0.787240 0.598611 0.009896 0.006481
3 0.601562 0.661111 0.010417 0.016667
