3 0.052865 0.016667 0.004687 0.011111
3 0.577344 0.025463 0.003646 0.006481
3 0.201302 0.033796 0.008854 0.015741
3 0.230990 0.093519 0.004687 0.009259
3 0.789062 0.159259 0.005208 0.011111
3 0.293750 0.246759 0.006250 0.012037
3 0.440885 0.257870 0.010937 0.017593
3 0.229948 0.272685 0.006771 0.012037
3 0.345833 0.314352 0.014583 0.021296
3 0.393229 0.330556 0.002083 0.003704
3 0.230729 0.335648 0.007292 0.012037
3 0.215365 0.353241 0.016146 0.028704
3 0.335938 0.351389 0.005208 0.010185
3 0.377083 0.358796 0.006250 0.010185
3 0.397396 0.360648 0.003125 0.002778
3 0.466927 0.367130 0.002604 0.004630
3 0.551042 0.423148 0.010417 0.018519
3 0.347396 0.437963 0.026042 0.038889
3 0.285156 0.461111 0.013021 0.018519
3 0.485677 0.569907 0.022396 0.039815
3 0.466146 0.576389 0.010417 0.019444
3 0.053906 0.651852 0.005729 0.007407
3 0.446615 0.678704 0.002604 0.003704
3 0.105990 0.718519 0.002604 0.003704
3 0.558854 0.887963 0.007292 0.012963
