3 0.113281 0.110185 0.008854 0.011111
3 0.369531 0.119907 0.002604 0.004630
3 0.818229 0.136111 0.004167 0.007407
3 0.504427 0.168981 0.007812 0.006481
3 0.824740 0.251389 0.008854 0.012037
3 0.820312 0.293519 0.008333 0.009259
3 0.865104 0.312037 0.009375 0.011111
3 0.544792 0.332870 0.007292 0.010185
3 0.484115 0.386111 0.002604 0.003704
3 0.693750 0.398611 0.007292 0.012037
3 0.820833 0.419907 0.009375 0.010185
3 0.770573 0.430556 0.009896 0.014815
3 0.896094 0.486574 0.021354 0.026852
3 0.413802 0.500926 0.002604 0.005556
3 0.759115 0.537500 0.020313 0.019444
3 0.627865 0.596759 0.013021 0.025000
3 0.706771 0.594444 0.003125 0.005556
3 0.101042 0.616204 0.010417 0.015741
3 0.652344 0.664352 0.003646 0.006481
3 0.792969 0.710648 0.035937 0.056481
3 0.848437 0.700463 0.016667 0.019444
3 0.558854 0.778704 0.016667 0.022222
3 0.932813 0.871759 0.005208 0.008333
3 0.697656 0.940278 0.042188 0.047222
