3 0.535677 0.115741 0.023438 0.038889
3 0.659635 0.129167 0.024479 0.052778
3 0.492448 0.175463 0.008854 0.006481
3 0.454427 0.206944 0.018229 0.026852
3 0.788021 0.239815 0.019792 0.038889
3 0.578385 0.329630 0.007812 0.011111
3 0.243490 0.380093 0.053646 0.093519
3 0.668229 0.423148 0.036458 0.064815
3 0.280990 0.478704 0.028646 0.046296
3 0.535677 0.652315 0.068229 0.125000
3 0.877083 0.703241 0.019792 0.032407
3 0.828646 0.752778 0.019792 0.027778
3 0.604427 0.916667 0.031771 0.057407
3 0.788542 0.938426 0.048958 0.080556
