3 0.634375 0.006481 0.009375 0.012963
3 0.465885 0.053241 0.007812 0.013889
3 0.798438 0.087037 0.003125 0.003704
3 0.937500 0.089352 0.006250 0.008333
3 0.743229 0.092130 0.006250 0.008333
3 0.171354 0.106481 0.004167 0.003704
3 0.841667 0.131944 0.008333 0.006481
3 0.620833 0.153241 0.010417 0.010185
3 0.601302 0.189815 0.024479 0.022222
3 0.565885 0.220833 0.017188 0.012037
3 0.484115 0.218519 0.005729 0.005556
3 0.501042 0.275926 0.004167 0.005556
3 0.530208 0.285185 0.003125 0.005556
3 0.650000 0.289352 0.003125 0.002778
3 0.578906 0.300463 0.010937 0.015741
3 0.758594 0.298611 0.002604 0.004630
3 0.433333 0.316204 0.012500 0.006481
3 0.500000 0.347222 0.025000 0.044444
3 0.923438 0.378704 0.008333 0.012963
3 0.522917 0.381481 0.015625 0.009259
3 0.858594 0.385185 0.008854 0.009259
3 0.375781 0.427778 0.027604 0.031481
3 0.388281 0.447222 0.014063 0.012963
3 0.821094 0.470370 0.002604 0.001852
3 0.172656 0.568519 0.011979 0.011111
