3 0.547396 0.041204 0.002083 0.002778
3 0.658073 0.045370 0.001563 0.001852
3 0.538021 0.172685 0.001042 0.000926
3 0.768750 0.175463 0.003125 0.002778
3 0.593229 0.181019 0.004167 0.004630
3 0.582031 0.193519 0.002604 0.001852
3 0.582292 0.215741 0.004167 0.007407
3 0.644010 0.215278 0.004687 0.006481
3 0.452344 0.213889 0.002604 0.001852
3 0.759115 0.244907 0.003646 0.002778
3 0.704427 0.255093 0.004687 0.006481
3 0.501302 0.270833 0.002604 0.004630
3 0.584115 0.286111 0.001563 0.001852
3 0.597656 0.297222 0.002604 0.003704
3 0.393490 0.300000 0.003646 0.001852
3 0.638802 0.322685 0.003646 0.002778
3 0.672396 0.338889 0.005208 0.003704
3 0.538281 0.356944 0.001563 0.002778
3 0.567969 0.373611 0.001563 0.002778
3 0.471875 0.374537 0.007292 0.002778
3 0.527865 0.375000 0.001563 0.001852
3 0.689063 0.392130 0.009375 0.008333
3 0.603385 0.391204 0.001563 0.002778
3 0.614844 0.391667 0.007812 0.003704
3 0.573958 0.437500 0.007292 0.006481
3 0.482552 0.450000 0.015104 0.018519
3 0.676042 0.447222 0.003125 0.005556
3 0.708594 0.447222 0.004687 0.003704
3 0.584896 0.462963 0.015625 0.018519
3 0.476042 0.462963 0.001042 0.001852
3 0.500260 0.465741 0.006771 0.007407
3 0.628385 0.468056 0.008854 0.002778
3 0.477344 0.543056 0.005729 0.004630
