3 0.875521 0.019444 0.013542 0.020370
3 0.874479 0.057407 0.011458 0.018519
3 0.785937 0.138889 0.014583 0.012963
3 0.227865 0.151852 0.022396 0.024074
3 0.511719 0.159722 0.005729 0.004630
3 0.424219 0.163426 0.004687 0.008333
3 0.505208 0.180556 0.019792 0.029630
3 0.627083 0.244907 0.027083 0.023148
3 0.831510 0.372222 0.025521 0.035185
3 0.187240 0.424537 0.007812 0.006481
3 0.565365 0.495833 0.051562 0.075000
3 0.288281 0.504167 0.042188 0.073148
3 0.337760 0.544444 0.021354 0.027778
3 0.677344 0.570370 0.023438 0.025926
3 0.304167 0.894444 0.016667 0.024074
