3 0.274219 0.000463 0.002604 0.000926
3 0.278125 0.000463 0.002083 0.000926
3 0.538542 0.002315 0.001042 0.004630
3 0.548438 0.008796 0.014583 0.017593
3 0.428646 0.055556 0.014583 0.029630
3 0.093229 0.101852 0.041667 0.072222
3 0.845313 0.172222 0.000000 0.000000
3 0.846354 0.180093 0.009375 0.013889
3 0.439844 0.255093 0.058854 0.119444
3 0.614323 0.222685 0.008854 0.008333
3 0.161979 0.236574 0.019792 0.028704
3 0.998958 0.262500 0.001042 0.002778
3 0.996615 0.275463 0.005729 0.025000
3 0.301823 0.389815 0.034896 0.044444
3 0.818490 0.648148 0.060937 0.109259
3 0.771615 0.669907 0.028646 0.050926
3 0.736198 0.942130 0.007812 0.010185
