3 0.581250 0.050000 0.004167 0.003704
3 0.759635 0.070833 0.008854 0.012037
3 0.392448 0.069444 0.004687 0.005556
3 0.422135 0.218519 0.006771 0.007407
3 0.834635 0.326389 0.009896 0.017593
3 0.577604 0.337037 0.012500 0.024074
3 0.696094 0.373611 0.011979 0.023148
3 0.527604 0.455556 0.012500 0.020370
3 0.503125 0.474537 0.016667 0.025000
3 0.263802 0.495370 0.019271 0.025926
3 0.852083 0.515278 0.012500 0.019444
3 0.741146 0.514352 0.012500 0.015741
3 0.512760 0.528704 0.004687 0.003704
3 0.440885 0.575463 0.004687 0.006481
3 0.609635 0.600463 0.020313 0.034259
3 0.790885 0.764352 0.022396 0.036111
3 0.554948 0.807407 0.043229 0.062963
3 0.315104 0.812963 0.036458 0.064815
3 0.358073 0.844444 0.018229 0.025926
3 0.649740 0.887037 0.020313 0.027778
