3 0.605469 0.092593 0.084896 0.137037
3 0.735677 0.131481 0.050521 0.038889
3 0.509115 0.171759 0.013021 0.019444
3 0.652083 0.336574 0.038542 0.049074
3 0.644271 0.341667 0.000000 0.000000
3 0.644792 0.343519 0.000000 0.000000
3 0.393229 0.422222 0.000000 0.000000
3 0.388281 0.433333 0.014063 0.020370
3 0.763802 0.437963 0.018229 0.029630
3 0.104688 0.470833 0.041667 0.037963
3 0.051562 0.534259 0.082292 0.118519
3 0.108594 0.573148 0.047396 0.033333
3 0.020313 0.628704 0.020833 0.011111
3 0.630990 0.666667 0.010937 0.011111
