3 0.934635 0.056944 0.116146 0.097222
3 0.034375 0.183796 0.068750 0.147222
3 0.998698 0.219907 0.001563 0.006481
3 0.946094 0.336111 0.106771 0.216667
3 0.467969 0.503704 0.107813 0.087037
3 0.476823 0.465741 0.000521 0.000000
3 0.474479 0.466667 0.000000 0.000000
3 0.473438 0.468519 0.000000 0.000000
3 0.473958 0.470370 0.000000 0.000000
3 0.442708 0.473148 0.000000 0.000000
3 0.473438 0.473148 0.000000 0.000000
3 0.443229 0.474074 0.000000 0.000000
3 0.473958 0.474074 0.000000 0.000000
3 0.443750 0.475000 0.000000 0.000000
3 0.444792 0.475000 0.000000 0.000000
3 0.475521 0.475463 0.000000 0.000926
3 0.476562 0.475000 0.000000 0.000000
3 0.477604 0.475000 0.000000 0.000000
3 0.444271 0.475926 0.000000 0.000000
3 0.473958 0.475926 0.000000 0.000000
3 0.448437 0.477778 0.000000 0.000000
3 0.471875 0.477778 0.000000 0.000000
3 0.446875 0.479167 0.000000 0.000926
3 0.447656 0.480556 0.000521 0.000000
3 0.448437 0.481481 0.000000 0.000000
3 0.449479 0.482407 0.000000 0.000000
3 0.448958 0.483333 0.000000 0.000000
3 0.450000 0.483333 0.000000 0.000000
3 0.488281 0.503241 0.000521 0.000926
3 0.490104 0.503704 0.000000 0.000000
3 0.488021 0.505093 0.000000 0.000926
3 0.486979 0.505556 0.000000 0.000000
3 0.489583 0.505556 0.000000 0.000000
3 0.489063 0.506481 0.000000 0.000000
3 0.487500 0.507407 0.000000 0.000000
3 0.487500 0.510185 0.000000 0.000000
3 0.486719 0.511111 0.000521 0.000000
3 0.456250 0.513889 0.000000 0.000000
3 0.438542 0.517593 0.000000 0.000000
3 0.462500 0.538889 0.000000 0.000000
3 0.464062 0.540741 0.000000 0.000000
3 0.463542 0.541667 0.000000 0.000000
3 0.459896 0.543519 0.000000 0.000000
3 0.458333 0.544444 0.000000 0.000000
3 0.449479 0.546296 0.000000 0.000000
3 0.456250 0.546296 0.000000 0.000000
